1 0 3.14229545902
2 0 3.14229545902
3 0 3.14229545902
4 0 3.14229545902
5 0 3.14229545902
6 0 3.14229545902
7 1 3.29000370217
8 2 3.13859575489
9 3 3.41289297101
10 4 3.34997605543
11 5 3.3974304362
12 6 3.09057951296
13 7 2.93635512705
14 8 3.08727612397
15 9 2.89692533434
16 10 2.93749638612
17 11 3.07469898286
18 11 3.07469898286
19 11 3.07469898286
20 11 3.07469898286
21 11 3.07469898286
22 11 3.07469898286
23 12 2.04357507461
24 13 2.14692394955
25 14 2.08230012536
26 15 2.21495536223
27 16 2.17843614292
28 17 2.34942638392
29 18 2.3893835451
30 19 2.54040201816
31 20 2.50240508273
32 21 2.56806448141
33 22 2.84025587805
34 23 2.76039178482
35 24 2.64963246132
36 25 2.49679159945
37 26 2.48143191589
38 27 2.35627911821
39 28 2.44717006157
40 29 2.51412817549
41 30 2.45572350653
42 31 2.65325088066
43 32 2.61065844329
44 33 2.79473817553
45 34 2.83584028479
46 35 3.05204670899
47 36 3.11704214861
48 37 3.24161419771
49 38 3.45177308013
50 39 3.5365789013
51 40 3.59055414755
52 41 3.81012549523
53 42 3.63733755141
54 43 3.30987949597
55 44 3.2381876147
56 45 3.06562779995
57 46 2.94849444475
58 47 2.87101015549
59 48 2.6738996685
60 49 2.64666613846
61 50 2.832177982
62 51 2.60646093546
63 52 2.34869803769
64 53 2.29245475142
65 54 2.0549936935
66 55 1.91929584438
67 56 1.79508808708
68 57 1.65383816518
69 58 1.67979244123
70 59 1.61674438734
71 60 1.74660354332
72 61 1.72861767735
73 62 1.89233779679
74 63 1.88338852026
75 64 1.94996077306
76 65 2.15485990358
77 66 2.2459979033
78 67 2.3232635554
79 68 2.13744104034
80 69 2.02459982816
81 70 1.83357329293
82 71 1.82446094218
83 72 1.67140333438
84 73 1.5844071629
85 74 1.50231681441
86 75 1.66942776441
87 76 1.78741268508
88 77 1.79458770889
89 78 1.99988831396
90 79 2.059160243
91 80 2.29078787876
92 81 2.4468431279
93 82 2.56423372825
94 83 2.8791297888
95 84 2.93813964699
96 85 3.23882192553
97 86 3.34618944987
98 87 3.54256291129
99 88 3.65808064377
100 89 3.4263690265
101 90 3.6163397248
102 91 3.65915960497
103 92 3.47389568135
104 93 3.4684768152
105 94 3.34760190681
106 95 3.11870862593
107 96 3.0019639373
108 97 2.97113759555
109 98 2.72627000218
110 99 2.56159781971
111 100 2.41896804841
112 101 2.23223640196
113 102 2.16062923876
114 103 2.00794015581
115 104 1.96048579429
116 105 1.86238786841
117 106 2.10749327503
118 107 2.26747552189
119 108 2.25948919024
120 109 2.49679544806
121 110 2.62803977889
122 110 2.62803977889
123 111 2.02365564718
124 112 1.84208555265
125 113 1.58898048651
126 114 1.48220150435
127 115 1.41225125739
128 116 1.33630433553
129 117 1.36107999322
130 118 1.42246670433
131 119 1.46012926796
132 120 1.56683947126
133 121 1.47397932394
134 122 1.54406980048
135 123 1.53165280976
136 124 1.65474366095
137 125 1.88828720668
138 126 2.08250990827
139 127 1.88120653112
140 128 1.90988983871
141 129 1.67746018959
142 130 1.57191514841
143 131 1.39635322964
144 132 1.3860556651
145 133 1.28955530354
146 134 1.34399150953
147 135 1.33333040022
148 136 1.46067675549
149 137 1.35212269844
150 138 1.42565165161
151 139 1.33228699911
152 140 1.47841186409
153 141 1.53753689606
154 142 1.75991683051
155 143 1.92467392865
156 144 2.0453863045
157 145 2.27992513947
158 146 2.37575853072
159 147 2.50998070701
160 148 2.61023699635
161 149 2.2984626585
162 150 2.248470652
163 151 1.93755914202
164 152 1.76994628181
165 153 1.67486061792
166 154 1.51450162664
167 155 1.5266411424
168 156 1.77426297612
169 157 1.9136268801
170 158 2.19225149827
171 159 2.52415105738
172 160 2.5480707331
173 161 2.66179819107
174 162 2.64310253736
175 163 2.36779120493
176 164 2.06849628646
177 165 2.11689919874
178 166 1.78232672066
179 167 1.54199106325
180 168 1.55805306149
181 169 1.38322666603
182 170 1.2516474095
183 171 1.23063925758
184 172 1.25746813225
185 173 1.26945934494
186 174 1.29620753492
187 175 1.28004490805
188 176 1.10982486731
189 177 1.22470720945
190 178 1.14015593672
191 179 1.29579121497
192 180 1.09688766689
193 181 0.995934412337
194 182 1.06356592218
195 183 1.05920676588
196 184 1.14852386219
197 185 1.19271985932
198 186 1.30322113373
199 187 1.39986638266
200 188 1.65636510921
201 189 1.76562633253
202 190 1.60941937414
203 191 1.42948074408
204 192 1.40180514357
205 193 1.2337530373
206 194 1.20734810377
207 195 1.07201957269
208 196 1.08769262192
209 197 1.06317658868
210 198 1.11907475577
211 199 1.15685687438
212 200 1.31787243217
213 201 1.5158432467
214 202 1.76733060143
215 203 1.79078234394
216 204 1.58621947197
217 205 1.66578126103
218 206 1.60059358182
219 207 1.73158920068
220 208 1.76844878819
221 209 1.65276470938
222 210 1.51366327038
223 211 1.49290388451
224 212 1.48703398319
225 213 1.26812271265
226 214 1.17330349491
227 215 1.33099991765
228 216 1.31066783768
229 217 1.20828273853
230 218 1.34371859277
231 219 1.51497426511
232 220 1.50025479794
233 221 1.55801511318
234 222 1.73922692137
235 223 1.8493392518
236 224 1.82992782919
237 225 1.99942783486
238 226 2.25542458088
239 227 2.48703398471
240 228 2.44662032924
241 229 2.2177317439
242 230 2.26372162105
243 231 2.348511713
244 232 2.15507623965
245 233 1.90172559082
246 234 2.00923667824
247 235 2.03779747522
248 236 1.73964640301
249 237 1.65431792686
250 238 1.83740387105
251 239 1.77397731521
252 240 1.49347958419
253 241 1.58011345356
254 242 1.7743792672
255 243 1.62132694187
256 244 1.45072142129
257 245 1.65692861053
258 246 1.80342219815
259 247 1.64486698679
260 248 1.68612566618
261 249 1.92452523138
262 250 1.98534824001
263 251 1.85895791044
264 252 2.06563148146
265 253 2.06295765582
266 254 2.29227921012
267 255 2.18585088787
268 256 1.92434840498
269 257 1.84567733198
270 258 1.80710804067
271 259 1.90558947278
272 260 1.77449290159
273 261 1.99056718078
274 262 1.98565240065
275 263 2.01947790495
276 264 1.71332237912
277 265 1.57881506884
278 266 1.6719676699
279 267 1.4877421417
280 268 1.5347317188
281 269 1.35941927273
282 270 1.3643701837
283 271 1.4501058591
284 272 1.52258945329
285 273 1.40238944418
286 274 1.6020374477
287 275 1.57597680069
288 276 1.80073497215
289 277 1.97069709745
290 278 1.88587198433
291 279 2.01034357543
292 280 2.20625655223
293 281 2.13064456185
294 282 1.84607218316
295 283 1.95850806928
296 284 1.96519471008
297 285 1.69091968214
298 286 1.47063651554
299 287 1.3312458719
300 288 1.2850455592
301 289 1.27289224578
302 290 1.23128685869
303 291 1.27299480165
304 292 1.22999904845
305 293 1.34530396588
306 294 1.37335960653
307 295 1.44697777559
308 296 1.50130632392
309 297 1.50821804183
310 298 1.28399033575
311 299 1.17061534338
312 300 1.14661003045
313 301 1.16076047436
314 302 1.22872471579
315 303 1.169924128
316 304 1.28540203691
317 305 1.29078389534
318 306 1.3671222387
319 307 1.45096134681
320 308 1.52367701418
321 309 1.72390640829
322 310 1.67372247975
323 311 1.68462571047
324 312 1.56724130689
325 313 1.53440951107
326 314 1.46868739575
327 315 1.35504941792
328 316 1.2844943648
329 317 1.1751718746
330 318 1.32906829896
331 319 1.32634021416
332 320 1.20543521063
333 321 1.19568244103
334 322 1.30850683781
335 323 1.28121904644
336 324 1.48105977799
337 325 1.64210480951
338 326 1.93983386768
339 327 1.94456446398
340 328 1.97003522904
341 329 1.8667254475
342 330 1.7322019368
343 331 1.65079376139
344 332 1.61275440958
345 333 1.46240152185
346 334 1.34950474398
347 335 1.40754878935
348 336 1.35146124085
349 337 1.54839861066
350 338 1.65557201267
351 339 1.73387398766
352 340 1.83942173662
353 341 1.84035935392
354 342 1.87564255064
355 343 1.94867643945
356 344 1.93225935107
357 345 1.975642732
358 346 1.84349655378
359 347 1.65478590019
360 348 1.54735733372
361 349 1.50810043428
362 350 1.4621537588
363 351 1.46478319731
364 352 1.566772965
365 353 1.62198038783
366 354 1.82410836417
367 355 1.80901778052
368 356 2.04511628236
369 357 1.94306087254
370 358 1.73596989883
371 359 1.66521992278
372 360 1.7687483742
373 361 1.65105614474
374 362 1.73613273295
375 363 1.65725292865
376 364 1.68499838824
377 365 1.72198934826
378 366 1.79706665893
379 367 1.98796193808
380 368 2.02260181364
381 369 1.95592627976
382 370 1.98715047043
383 371 1.96324575199
384 372 1.87482292238
385 373 1.96472710721
386 374 1.86768501342
387 375 1.93832877647
388 376 2.17257716019
389 377 2.0028278958
390 378 1.72426548321
391 379 1.84647295938
392 380 1.93334356578
393 381 1.68966798396
394 382 1.51769861044
395 383 1.71690529205
396 384 1.72767679054
397 385 1.45564784938
398 386 1.4495719557
399 387 1.67628497254
400 388 1.67335987863
401 389 1.93407062696
402 390 2.02421212235
403 391 2.32223397009
404 392 2.27889233112
405 393 2.18598573852
406 394 2.4987642604
407 395 2.67319728471
408 396 2.4328699238
409 397 2.44098652249
410 398 2.13995593086
411 399 2.21121996507
412 400 2.06472917416
413 401 2.24914707555
414 402 2.18233651431
415 403 2.30007443232
416 404 2.30443695922
417 405 2.29782021785
418 406 2.33235502019
419 407 2.27069453014
420 408 2.09972071979
421 409 2.02393920067
422 410 1.87154260586
423 411 1.74164942296
424 412 1.88599461023
425 413 1.89584768342
426 414 1.9865542154
427 415 2.15477610207
428 416 2.30410780683
429 417 2.6126463443
430 418 2.81922126342
431 419 3.12930933399
432 420 3.42037293067
433 421 3.25978775508
434 422 3.07140249332
435 423 2.74077506216
436 424 2.65922285077
437 425 2.41390539247
438 426 2.41459689263
439 427 2.24620780584
440 428 2.19256000065
441 429 2.10017646077
442 430 2.13266806571
443 431 2.34752442563
444 432 2.45005707139
445 433 2.5259693525
446 434 2.61403415904
447 435 2.71943560898
448 436 2.71740868373
449 437 2.80802729524
450 438 2.57979598033
451 439 2.64600192145
452 440 2.54437283346
453 441 4.19454331299
454 441 4.19454331299
455 441 4.19454331299
456 441 4.19454331299
457 441 4.19454331299
458 441 4.19454331299
459 441 4.19454331299
460 441 4.19454331299
461 441 4.19454331299
462 441 4.19454331299
463 442 3.60167589275
464 442 3.60167589275
465 442 3.60167589275
466 442 3.60167589275
467 442 3.60167589275
468 442 3.60167589275
469 442 3.60167589275
470 442 3.60167589275
471 442 3.60167589275
472 442 3.60167589275
473 443 2.73343953661
474 443 2.73343953661
475 443 2.73343953661
476 443 2.73343953661
477 443 2.73343953661
478 443 2.73343953661
479 443 2.73343953661
480 443 2.73343953661
481 443 2.73343953661
482 443 2.73343953661
483 444 2.5932701553
484 444 2.5932701553
485 444 2.5932701553
486 444 2.5932701553
487 444 2.5932701553
488 444 2.5932701553
489 444 2.5932701553
490 444 2.5932701553
491 444 2.5932701553
492 444 2.5932701553
493 445 3.00857708846
494 445 3.00857708846
495 445 3.00857708846
496 445 3.00857708846
497 445 3.00857708846
498 445 3.00857708846
499 445 3.00857708846
500 445 3.00857708846
501 445 3.00857708846
502 445 3.00857708846
503 446 3.36903156404
504 446 3.36903156404
505 446 3.36903156404
506 446 3.36903156404
507 446 3.36903156404
508 446 3.36903156404
509 446 3.36903156404
510 446 3.36903156404
511 446 3.36903156404
512 446 3.36903156404
513 447 3.08632284629
514 447 3.08632284629
515 447 3.08632284629
516 447 3.08632284629
517 447 3.08632284629
518 447 3.08632284629
519 447 3.08632284629
520 447 3.08632284629
521 447 3.08632284629
522 448 8.97531364516
523 449 10.1157479249
524 450 7.63300756214
525 451 6.33706602927
526 452 8.64054508588
527 453 8.20653356648
528 454 5.33813854627
529 455 6.07930500558
530 456 7.840306939
531 457 5.97492743682
532 458 4.01274820555
533 459 6.21895636971
534 460 6.47904261702
535 461 3.81589395278
536 462 4.05247905811
537 463 6.05845939517
538 464 4.62235574522
539 465 2.67128505292
540 466 4.76637709328
541 467 5.23481682367
542 468 2.759379682
543 469 3.27397264065
544 470 5.09646720727
545 471 3.80812882846
546 472 2.32715972212
547 473 4.34786302096
548 474 4.68297013261
549 475 2.37016505527
550 476 3.31648859783
551 477 5.00296195352
552 478 3.62279059205
553 479 2.52637392667
554 480 4.64874465142
555 481 4.75899968192
556 482 2.44724087165
557 483 3.61003143088
558 484 5.36906958889
559 485 3.81278583955
560 486 2.73225948316
561 487 4.66731798747
562 488 4.71304915735
563 489 2.43615631817
564 490 3.1641672129
565 491 4.7993582295
566 492 3.6329189529
567 493 2.24134594946
568 494 3.93584925242
569 495 4.32273205987
570 496 2.37739171916
571 497 2.91393658911
572 498 4.66285512399
573 499 3.52504579483
574 500 2.12190457464
575 501 4.35885461188
576 502 4.62396918114
577 503 2.51769116745
578 504 3.46867498617
579 505 5.50149794076
580 506 4.25850746035
581 507 2.95417499646
582 508 6.57661009311
583 509 5.5408894887
584 510 3.11614078635
585 511 4.41339351729
586 512 5.84059116758
587 513 3.9270339836
588 514 2.72983379576
589 515 5.034224892
590 516 5.05868624874
591 517 2.60324503406
592 518 3.51899551971
593 519 5.14456256916
594 520 3.56435173795
595 521 2.33031109558
596 522 4.42073706996
597 523 4.35773896455
598 524 2.15832365414
599 525 3.03416045035
600 526 4.21498583569
601 527 2.63913004059
602 528 2.0276438714
603 529 3.61879496568
604 530 3.1539886572
605 531 1.90510295652
606 532 3.03373712655
607 533 3.70883913203
608 534 2.35345520177
609 535 2.52157733955
610 536 4.25690966566
611 537 3.22807636334
612 538 1.81740376347
613 539 4.56512409484
614 539 4.56512409484
615 539 4.56512409484
616 539 4.56512409484
617 539 4.56512409484
618 539 4.56512409484
619 539 4.56512409484
620 539 4.56512409484
621 539 4.56512409484
622 539 4.56512409484
623 540 4.93093460299
624 540 4.93093460299
625 541 8.46273724721
626 542 7.53648787423
627 543 7.04040659782
628 544 7.2015435087
629 545 6.66475451749
630 546 5.82825251188
631 547 5.83214402889
632 548 6.19619943815
633 549 5.16571555208
634 550 4.56159415967
635 551 5.47487519446
636 552 5.47848304403
637 553 3.95731522955
638 554 4.23514179682
639 555 5.62127333837
640 556 4.91619574273
641 557 3.67783476751
642 558 7.16082348937
643 559 6.7859805578
644 560 4.93074144861
645 561 4.50897231923
646 562 5.51800066596
647 563 4.56015632361
648 564 3.15219502152
649 565 4.53968857966
650 566 5.09527978309
651 567 3.87520928065
652 568 3.91604641916
653 569 5.17549978712
654 570 5.00723945787
655 571 4.53566779659
656 572 5.30714166781
657 573 5.97965321504
658 574 5.91637206335
659 575 5.92670532019
660 576 6.79094791393
661 577 7.15789614186
662 578 7.09968856659
663 579 7.42954892327
664 580 8.20748366042
665 581 8.50401110871
666 582 8.315479047
667 583 8.98342081672
668 584 9.66980068135
669 585 9.58891353287
670 586 7.47268635006
671 586 7.47268635006
672 586 7.47268635006
673 586 7.47268635006
674 586 7.47268635006
675 586 7.47268635006
676 586 7.47268635006
677 586 7.47268635006
678 587 3.63217211887
679 588 3.54153219608
680 589 2.43114352196
681 590 3.61012715813
682 591 3.9732009102
683 592 2.66580951519
684 593 2.92427377055
685 594 4.08794389948
686 595 3.31119362196
687 596 2.25905231871
688 597 3.70158786785
689 598 3.87111877591
690 599 2.41209618105
691 600 2.87484185773
692 601 4.05896413314
693 602 3.1984650868
694 603 2.23959380302
695 604 3.65590919452
696 605 3.88643249699
697 606 2.70136684587
698 607 3.051994279
699 608 4.31204027113
700 609 3.65329706151
701 610 2.86397992803
702 611 4.3103257857
703 612 4.68338237441
704 613 3.42832472233
705 614 4.03905491887
706 615 5.48867736923
707 616 4.93983857407
708 617 3.92334919658
709 618 5.36099739301
710 619 5.75676846046
711 620 4.45042517336
712 621 5.0596803376
713 622 6.1675882885
