1 0 22.2577595534
2 0 22.2577595534
3 0 22.2577595534
4 0 22.2577595534
5 0 22.2577595534
6 0 22.2577595534
7 0 22.2577595534
8 0 22.2577595534
9 0 22.2577595534
10 0 22.2577595534
11 0 22.2577595534
12 0 22.2577595534
13 0 22.2577595534
14 0 22.2577595534
15 0 22.2577595534
16 0 22.2577595534
17 0 22.2577595534
18 0 22.2577595534
19 0 22.2577595534
20 0 22.2577595534
21 0 22.2577595534
22 0 22.2577595534
23 0 22.2577595534
24 0 22.2577595534
25 0 22.2577595534
26 0 22.2577595534
27 0 22.2577595534
28 0 22.2577595534
29 0 22.2577595534
30 0 22.2577595534
31 0 22.2577595534
32 0 22.2577595534
33 0 22.2577595534
34 0 22.2577595534
35 0 22.2577595534
36 0 22.2577595534
37 0 22.2577595534
38 0 22.2577595534
39 0 22.2577595534
40 0 22.2577595534
41 0 22.2577595534
42 0 22.2577595534
43 0 22.2577595534
44 0 22.2577595534
45 0 22.2577595534
46 0 22.2577595534
47 0 22.2577595534
48 0 22.2577595534
49 0 22.2577595534
50 0 22.2577595534
51 0 22.2577595534
52 0 22.2577595534
53 0 22.2577595534
54 0 22.2577595534
55 0 22.2577595534
56 0 22.2577595534
57 0 22.2577595534
58 0 22.2577595534
59 0 22.2577595534
60 0 22.2577595534
61 0 22.2577595534
62 0 22.2577595534
63 0 22.2577595534
64 0 22.2577595534
65 0 22.2577595534
66 0 22.2577595534
67 0 22.2577595534
68 0 22.2577595534
69 0 22.2577595534
70 0 22.2577595534
71 0 22.2577595534
72 0 22.2577595534
73 0 22.2577595534
74 0 22.2577595534
75 0 22.2577595534
76 0 22.2577595534
77 0 22.2577595534
78 0 22.2577595534
79 0 22.2577595534
80 0 22.2577595534
81 0 22.2577595534
82 0 22.2577595534
83 0 22.2577595534
84 0 22.2577595534
85 0 22.2577595534
86 0 22.2577595534
87 0 22.2577595534
88 0 22.2577595534
89 0 22.2577595534
90 0 22.2577595534
91 0 22.2577595534
92 0 22.2577595534
93 0 22.2577595534
94 0 22.2577595534
95 0 22.2577595534
96 0 22.2577595534
97 0 22.2577595534
98 0 22.2577595534
99 0 22.2577595534
100 0 22.2577595534
101 1 17.3611761154
102 1 17.3611761154
103 1 17.3611761154
104 1 17.3611761154
105 1 17.3611761154
106 1 17.3611761154
107 1 17.3611761154
108 1 17.3611761154
109 1 17.3611761154
110 1 17.3611761154
111 1 17.3611761154
112 1 17.3611761154
113 1 17.3611761154
114 1 17.3611761154
115 1 17.3611761154
116 1 17.3611761154
117 1 17.3611761154
118 1 17.3611761154
119 1 17.3611761154
120 1 17.3611761154
121 1 17.3611761154
122 1 17.3611761154
123 1 17.3611761154
124 1 17.3611761154
125 1 17.3611761154
126 1 17.3611761154
127 1 17.3611761154
128 1 17.3611761154
129 1 17.3611761154
130 1 17.3611761154
131 1 17.3611761154
132 1 17.3611761154
133 1 17.3611761154
134 1 17.3611761154
135 1 17.3611761154
136 1 17.3611761154
137 1 17.3611761154
138 1 17.3611761154
139 1 17.3611761154
140 1 17.3611761154
141 1 17.3611761154
142 1 17.3611761154
143 1 17.3611761154
144 1 17.3611761154
145 1 17.3611761154
146 1 17.3611761154
147 1 17.3611761154
148 1 17.3611761154
149 1 17.3611761154
150 1 17.3611761154
151 1 17.3611761154
152 1 17.3611761154
153 1 17.3611761154
154 1 17.3611761154
155 1 17.3611761154
156 1 17.3611761154
157 1 17.3611761154
158 1 17.3611761154
159 1 17.3611761154
160 1 17.3611761154
161 1 17.3611761154
162 1 17.3611761154
163 1 17.3611761154
164 1 17.3611761154
165 1 17.3611761154
166 1 17.3611761154
167 1 17.3611761154
168 1 17.3611761154
169 1 17.3611761154
170 1 17.3611761154
171 1 17.3611761154
172 1 17.3611761154
173 1 17.3611761154
174 1 17.3611761154
175 1 17.3611761154
176 1 17.3611761154
177 1 17.3611761154
178 1 17.3611761154
179 1 17.3611761154
180 1 17.3611761154
181 1 17.3611761154
182 1 17.3611761154
183 1 17.3611761154
184 1 17.3611761154
185 1 17.3611761154
186 1 17.3611761154
187 1 17.3611761154
188 1 17.3611761154
189 1 17.3611761154
190 1 17.3611761154
191 1 17.3611761154
192 1 17.3611761154
193 1 17.3611761154
194 1 17.3611761154
195 1 17.3611761154
196 1 17.3611761154
197 1 17.3611761154
198 1 17.3611761154
199 1 17.3611761154
200 1 17.3611761154
201 2 15.3099283805
202 2 15.3099283805
203 2 15.3099283805
204 2 15.3099283805
205 2 15.3099283805
206 2 15.3099283805
207 2 15.3099283805
208 2 15.3099283805
209 2 15.3099283805
210 2 15.3099283805
211 2 15.3099283805
212 2 15.3099283805
213 2 15.3099283805
214 2 15.3099283805
215 2 15.3099283805
216 2 15.3099283805
217 2 15.3099283805
218 2 15.3099283805
219 2 15.3099283805
220 2 15.3099283805
221 2 15.3099283805
222 2 15.3099283805
223 2 15.3099283805
224 2 15.3099283805
225 2 15.3099283805
226 2 15.3099283805
227 2 15.3099283805
228 2 15.3099283805
229 2 15.3099283805
230 2 15.3099283805
231 2 15.3099283805
232 2 15.3099283805
233 2 15.3099283805
234 2 15.3099283805
235 2 15.3099283805
236 2 15.3099283805
237 2 15.3099283805
238 2 15.3099283805
239 2 15.3099283805
240 2 15.3099283805
241 2 15.3099283805
242 2 15.3099283805
243 2 15.3099283805
244 2 15.3099283805
245 2 15.3099283805
246 2 15.3099283805
247 2 15.3099283805
248 2 15.3099283805
249 2 15.3099283805
250 2 15.3099283805
251 2 15.3099283805
252 2 15.3099283805
253 2 15.3099283805
254 2 15.3099283805
255 2 15.3099283805
256 2 15.3099283805
257 2 15.3099283805
258 2 15.3099283805
259 2 15.3099283805
260 2 15.3099283805
261 2 15.3099283805
262 2 15.3099283805
263 2 15.3099283805
264 2 15.3099283805
265 2 15.3099283805
266 2 15.3099283805
267 2 15.3099283805
268 2 15.3099283805
269 2 15.3099283805
270 2 15.3099283805
271 2 15.3099283805
272 2 15.3099283805
273 2 15.3099283805
274 2 15.3099283805
275 2 15.3099283805
276 2 15.3099283805
277 2 15.3099283805
278 2 15.3099283805
279 2 15.3099283805
280 2 15.3099283805
281 2 15.3099283805
282 2 15.3099283805
283 2 15.3099283805
284 2 15.3099283805
285 2 15.3099283805
286 2 15.3099283805
287 2 15.3099283805
288 2 15.3099283805
289 2 15.3099283805
290 2 15.3099283805
291 2 15.3099283805
292 2 15.3099283805
293 2 15.3099283805
294 2 15.3099283805
295 2 15.3099283805
296 2 15.3099283805
297 2 15.3099283805
298 2 15.3099283805
299 2 15.3099283805
300 2 15.3099283805
301 3 14.635810846
302 3 14.635810846
303 3 14.635810846
304 3 14.635810846
305 3 14.635810846
306 3 14.635810846
307 3 14.635810846
308 3 14.635810846
309 3 14.635810846
310 3 14.635810846
311 3 14.635810846
312 3 14.635810846
313 3 14.635810846
314 3 14.635810846
315 3 14.635810846
316 3 14.635810846
317 3 14.635810846
318 3 14.635810846
319 3 14.635810846
320 3 14.635810846
321 3 14.635810846
322 3 14.635810846
323 3 14.635810846
324 3 14.635810846
325 3 14.635810846
326 3 14.635810846
327 3 14.635810846
328 3 14.635810846
329 3 14.635810846
330 3 14.635810846
331 3 14.635810846
332 3 14.635810846
333 3 14.635810846
334 3 14.635810846
335 3 14.635810846
336 3 14.635810846
337 3 14.635810846
338 3 14.635810846
339 3 14.635810846
340 3 14.635810846
341 3 14.635810846
342 3 14.635810846
343 3 14.635810846
344 3 14.635810846
345 3 14.635810846
346 3 14.635810846
347 3 14.635810846
348 3 14.635810846
349 3 14.635810846
350 3 14.635810846
351 3 14.635810846
352 3 14.635810846
353 3 14.635810846
354 3 14.635810846
355 3 14.635810846
356 3 14.635810846
357 3 14.635810846
358 3 14.635810846
359 3 14.635810846
360 3 14.635810846
361 3 14.635810846
362 3 14.635810846
363 3 14.635810846
364 3 14.635810846
365 3 14.635810846
366 3 14.635810846
367 3 14.635810846
368 3 14.635810846
369 3 14.635810846
370 3 14.635810846
371 3 14.635810846
372 3 14.635810846
373 3 14.635810846
374 3 14.635810846
375 3 14.635810846
376 3 14.635810846
377 3 14.635810846
378 3 14.635810846
379 3 14.635810846
380 3 14.635810846
381 3 14.635810846
382 3 14.635810846
383 3 14.635810846
384 3 14.635810846
385 3 14.635810846
386 3 14.635810846
387 3 14.635810846
388 3 14.635810846
389 3 14.635810846
390 3 14.635810846
391 3 14.635810846
392 3 14.635810846
393 3 14.635810846
394 3 14.635810846
395 3 14.635810846
396 3 14.635810846
397 3 14.635810846
398 3 14.635810846
399 3 14.635810846
400 3 14.635810846
401 4 15.5306236547
402 4 15.5306236547
403 4 15.5306236547
404 4 15.5306236547
405 4 15.5306236547
406 4 15.5306236547
407 4 15.5306236547
408 4 15.5306236547
409 4 15.5306236547
410 4 15.5306236547
411 4 15.5306236547
412 4 15.5306236547
413 4 15.5306236547
414 4 15.5306236547
415 4 15.5306236547
416 4 15.5306236547
417 4 15.5306236547
418 4 15.5306236547
419 4 15.5306236547
420 4 15.5306236547
421 4 15.5306236547
422 4 15.5306236547
423 4 15.5306236547
424 4 15.5306236547
425 4 15.5306236547
426 4 15.5306236547
427 4 15.5306236547
428 4 15.5306236547
429 4 15.5306236547
430 4 15.5306236547
431 4 15.5306236547
432 4 15.5306236547
433 4 15.5306236547
434 4 15.5306236547
435 4 15.5306236547
436 4 15.5306236547
437 4 15.5306236547
438 4 15.5306236547
439 4 15.5306236547
440 4 15.5306236547
441 4 15.5306236547
442 4 15.5306236547
443 4 15.5306236547
444 4 15.5306236547
445 4 15.5306236547
446 4 15.5306236547
447 4 15.5306236547
448 4 15.5306236547
449 4 15.5306236547
450 4 15.5306236547
451 4 15.5306236547
452 4 15.5306236547
453 4 15.5306236547
454 4 15.5306236547
455 4 15.5306236547
456 4 15.5306236547
457 4 15.5306236547
458 4 15.5306236547
459 4 15.5306236547
460 4 15.5306236547
461 4 15.5306236547
462 4 15.5306236547
463 4 15.5306236547
464 4 15.5306236547
465 4 15.5306236547
466 4 15.5306236547
467 4 15.5306236547
468 4 15.5306236547
469 4 15.5306236547
470 4 15.5306236547
471 4 15.5306236547
472 4 15.5306236547
473 4 15.5306236547
474 4 15.5306236547
475 4 15.5306236547
476 4 15.5306236547
477 4 15.5306236547
478 4 15.5306236547
479 4 15.5306236547
480 4 15.5306236547
481 4 15.5306236547
482 4 15.5306236547
483 4 15.5306236547
484 4 15.5306236547
485 4 15.5306236547
486 4 15.5306236547
487 4 15.5306236547
488 4 15.5306236547
489 4 15.5306236547
490 4 15.5306236547
491 4 15.5306236547
492 4 15.5306236547
493 4 15.5306236547
494 4 15.5306236547
495 4 15.5306236547
496 4 15.5306236547
497 4 15.5306236547
498 4 15.5306236547
499 4 15.5306236547
500 4 15.5306236547
501 5 11.8457100542
502 5 11.8457100542
503 5 11.8457100542
504 5 11.8457100542
505 5 11.8457100542
506 5 11.8457100542
507 5 11.8457100542
508 5 11.8457100542
509 5 11.8457100542
510 5 11.8457100542
511 5 11.8457100542
512 5 11.8457100542
513 5 11.8457100542
514 5 11.8457100542
515 5 11.8457100542
516 5 11.8457100542
517 5 11.8457100542
518 5 11.8457100542
519 5 11.8457100542
520 5 11.8457100542
521 5 11.8457100542
522 5 11.8457100542
523 5 11.8457100542
524 5 11.8457100542
525 5 11.8457100542
526 5 11.8457100542
527 5 11.8457100542
528 5 11.8457100542
529 5 11.8457100542
530 5 11.8457100542
531 5 11.8457100542
532 5 11.8457100542
533 5 11.8457100542
534 5 11.8457100542
535 5 11.8457100542
536 5 11.8457100542
537 5 11.8457100542
538 5 11.8457100542
539 5 11.8457100542
540 5 11.8457100542
541 5 11.8457100542
542 5 11.8457100542
543 5 11.8457100542
544 5 11.8457100542
545 5 11.8457100542
546 5 11.8457100542
547 5 11.8457100542
548 5 11.8457100542
549 5 11.8457100542
550 5 11.8457100542
551 5 11.8457100542
552 5 11.8457100542
553 5 11.8457100542
554 5 11.8457100542
555 5 11.8457100542
556 5 11.8457100542
557 5 11.8457100542
558 5 11.8457100542
559 5 11.8457100542
560 5 11.8457100542
561 5 11.8457100542
562 5 11.8457100542
563 5 11.8457100542
564 5 11.8457100542
565 5 11.8457100542
566 5 11.8457100542
567 5 11.8457100542
568 5 11.8457100542
569 5 11.8457100542
570 5 11.8457100542
571 5 11.8457100542
572 5 11.8457100542
573 5 11.8457100542
574 5 11.8457100542
575 5 11.8457100542
576 5 11.8457100542
577 5 11.8457100542
578 5 11.8457100542
579 5 11.8457100542
580 5 11.8457100542
581 5 11.8457100542
582 5 11.8457100542
583 5 11.8457100542
584 5 11.8457100542
585 5 11.8457100542
586 5 11.8457100542
587 5 11.8457100542
588 5 11.8457100542
589 5 11.8457100542
590 5 11.8457100542
591 5 11.8457100542
592 5 11.8457100542
593 5 11.8457100542
594 5 11.8457100542
595 5 11.8457100542
596 5 11.8457100542
597 5 11.8457100542
598 5 11.8457100542
599 5 11.8457100542
600 5 11.8457100542
601 6 10.4291565364
602 6 10.4291565364
603 6 10.4291565364
604 6 10.4291565364
605 6 10.4291565364
606 6 10.4291565364
607 6 10.4291565364
608 6 10.4291565364
609 6 10.4291565364
610 6 10.4291565364
611 6 10.4291565364
612 6 10.4291565364
613 6 10.4291565364
614 6 10.4291565364
615 6 10.4291565364
616 6 10.4291565364
617 6 10.4291565364
618 6 10.4291565364
619 6 10.4291565364
620 6 10.4291565364
621 6 10.4291565364
622 6 10.4291565364
623 6 10.4291565364
624 6 10.4291565364
625 6 10.4291565364
626 6 10.4291565364
627 6 10.4291565364
628 6 10.4291565364
629 6 10.4291565364
630 6 10.4291565364
631 6 10.4291565364
632 6 10.4291565364
633 6 10.4291565364
634 6 10.4291565364
635 6 10.4291565364
636 6 10.4291565364
637 7 3.75274417534
638 8 4.99240686077
639 9 6.09872834542
640 10 4.03377751444
641 11 3.80802329965
642 12 6.02868477584
643 13 5.330133457
644 14 3.3052760454
645 15 5.03138663592
646 16 6.54127325114
647 17 4.75203472193
648 18 3.97350725542
649 19 6.45782725566
650 20 6.61949173162
651 21 4.34074421048
652 22 5.00931107807
653 23 7.23149793773
654 24 5.72550764012
655 25 3.8146305914
656 26 6.11971460076
657 27 6.56135705518
658 28 4.05624355038
659 29 4.2550479944
660 30 6.56116985146
661 31 5.38407336062
662 32 3.39139366951
663 33 5.69779168819
664 34 6.53439937153
665 35 4.06112689436
666 36 4.3774659051
667 37 6.7544959576
668 38 5.44524090059
669 39 3.45050108685
670 40 5.79446362639
671 41 6.9191614246
672 42 4.6095879899
673 43 4.36739794457
674 44 6.88023358058
675 45 5.62081685597
676 46 3.2853232772
677 47 5.62028976892
678 48 6.3385411899
679 49 3.61817338967
680 50 4.19064217568
681 51 6.39522010194
682 52 5.0748043509
683 53 2.77522785831
684 54 5.07651191157
685 55 5.75933234275
686 56 3.11579723246
687 57 3.43942695941
688 58 5.77010105424
689 59 4.47805318308
690 60 2.2933841179
691 61 4.75233933608
692 62 5.35238301545
693 63 2.75843483056
694 64 3.62551020282
695 65 5.70808617964
696 66 4.16540074571
697 67 2.72799165694
698 68 5.20510333243
699 69 5.73487856269
700 70 3.10682775479
701 71 3.82253423532
702 72 6.0028957491
703 73 4.74645075384
704 74 3.50890349379
705 75 6.06315709146
706 76 6.93477605789
707 77 4.44087434707
708 78 4.65089348317
709 79 7.24692683632
710 80 6.51970624995
711 81 4.15117474972
712 82 6.21997165249
713 83 7.61040747742
714 84 5.52604149696
715 85 5.56012229484
716 86 7.85862799245
717 87 6.78655370133
718 88 4.49481701427
719 89 6.30080477768
720 90 7.19091445055
721 91 4.74008320492
722 92 4.55541461319
723 93 6.81745500846
724 94 5.86417025246
725 95 3.66509842539
726 96 4.91693265358
727 97 5.83422391908
728 98 5.47275468784
729 98 5.47275468784
730 98 5.47275468784
731 98 5.47275468784
732 98 5.47275468784
733 98 5.47275468784
734 98 5.47275468784
735 98 5.47275468784
736 98 5.47275468784
737 98 5.47275468784
738 99 6.16764705119
739 99 6.16764705119
740 99 6.16764705119
741 99 6.16764705119
742 100 8.50428845211
743 101 8.36400585395
744 102 6.8938886696
745 103 6.48001377267
746 104 7.19301343486
747 105 6.16065743336
748 106 4.96618384067
749 107 5.41952383563
750 108 5.48407426146
751 109 4.01561389964
752 110 3.58494103075
753 111 4.43505138058
754 112 3.88143077414
755 113 2.35894893601
756 114 3.51634781375
757 115 3.94536382995
758 116 2.30063701835
759 117 2.59358788041
760 118 3.92322765648
761 119 3.28778164111
762 120 2.21962821692
763 121 3.6653033759
764 122 4.15241885609
765 123 3.24942944375
766 124 3.75172469736
767 125 4.98848896774
768 126 4.73061801329
769 127 4.46760034135
770 128 5.68404266693
771 129 6.16330735423
772 130 5.79838022628
773 131 6.26479210246
774 132 7.38705131531
775 133 7.46503837823
776 134 7.24919586862
777 135 8.16941998988
778 136 8.94573653967
779 137 5.61411325441
780 137 5.61411325441
781 137 5.61411325441
782 137 5.61411325441
783 137 5.61411325441
784 137 5.61411325441
785 137 5.61411325441
786 137 5.61411325441
787 137 5.61411325441
788 138 5.11103363686
789 139 3.9751179429
790 140 3.54064626316
791 141 5.17893942091
792 142 4.67323271307
793 143 3.14145704897
794 144 4.27634139118
795 145 5.36053797387
796 146 4.15722469486
797 147 3.11778332936
798 148 4.85951717235
799 149 4.86600347296
800 150 3.11339144167
801 151 3.90591462394
802 152 5.26600313417
803 153 4.07603477358
804 154 2.97831053248
805 155 4.69392399089
806 156 4.87386850203
807 157 3.19942607947
808 158 3.69203704615
809 159 5.30285060411
810 160 4.61632706505
811 161 3.33371036316
812 162 4.67562969198
813 163 5.36841842237
814 164 3.99046511141
815 165 4.06675415079
816 166 5.60268925134
817 167 5.04220621054
818 168 4.30779727086
819 169 5.57268378698
820 170 5.86674163295
821 171 4.87296198083
822 172 5.35820892337
823 173 6.21191154113
