1 0 23.1119182208
2 1 26.808878009
3 2 26.7181676885
4 3 26.5454275032
5 4 26.0118237013
6 5 25.7054996632
7 6 25.2527861
8 7 24.4870439305
9 8 24.0379588101
10 9 23.4527132247
11 10 22.7406226707
12 11 22.2877463224
13 12 21.5210897318
14 13 20.8715425216
15 14 20.4301270863
16 15 20.691703865
17 16 20.7212271382
18 17 20.821249768
19 18 20.4170037664
20 19 21.0435312834
21 20 20.6417590782
22 21 21.5051733383
23 22 22.4739170031
24 23 23.1419813655
25 24 23.9996774122
26 25 23.6277148599
27 26 24.4075320686
28 27 25.3480471844
29 28 25.6338578967
30 29 26.0178908359
31 30 26.6425759589
32 31 26.6340378697
33 32 26.8516988117
34 33 26.1421424469
35 34 26.1140337401
36 35 26.3913193494
37 36 25.7075534003
38 37 25.0292464508
39 38 24.5483038283
40 39 23.7300231677
41 40 23.6454453057
42 41 22.7170458275
43 42 21.869280906
44 43 20.9110237799
45 44 20.2197964653
46 45 19.4691008059
47 46 19.0948115569
48 47 19.4446082239
49 48 19.5436146485
50 49 20.4348939644
51 50 21.3028503624
52 51 22.2295332699
53 52 23.0517527317
54 53 24.0328570766
55 54 24.7165783697
56 55 25.5720299028
57 56 25.5540350385
58 57 24.9091412954
59 58 24.0565922199
60 59 23.1789756168
61 60 22.1604170584
62 61 21.5785065906
63 62 20.6443461993
64 63 20.291776276
65 64 19.7850280698
66 65 20.630664868
67 66 21.1343742488
68 67 20.4109610689
69 68 20.4161725782
70 69 21.456093548
71 70 21.4884754586
72 71 20.7022101294
73 72 20.863688497
74 73 21.8416506541
75 74 21.7326296402
76 75 21.6335957879
77 76 22.5517619795
78 77 22.5319182183
79 78 22.5612985589
80 79 22.3968383932
81 80 21.9211694937
82 81 22.6701210995
83 82 23.6236279335
84 83 24.3567506821
85 84 25.2010303802
86 85 25.2223370311
87 86 25.8793866368
88 87 25.7172829482
89 88 24.9342230852
90 89 24.701306552
91 90 23.9170277956
92 91 23.1366827758
93 92 22.2353826427
94 93 21.3727625936
95 94 21.2047928229
96 95 20.4721688742
97 96 20.4345896334
98 97 21.2981998934
99 98 21.9601974981
100 99 22.7354353273
101 100 23.5791751094
102 101 24.3335490537
103 102 25.1190453048
104 103 25.6600054883
105 104 25.7698139514
106 105 25.0462368865
107 106 24.2173547508
108 107 23.6526658268
109 108 22.7509284663
110 109 22.3251930146
111 110 21.5357533523
112 111 20.9849951041
113 112 20.620958591
114 113 21.3587191057
115 114 21.9368149977
116 115 22.6043118354
117 116 22.561044755
118 117 23.1422186713
119 118 23.2863449369
120 119 23.9118673384
121 120 23.5704019411
122 121 24.3453768595
123 122 25.1699049757
124 123 25.590875288
125 124 26.2681064407
126 125 26.5569767801
127 126 26.3254544909
128 127 25.7070282821
129 128 25.6136182511
130 129 24.850829376
131 130 24.1759372683
132 131 23.4822006484
133 132 22.7216088161
134 133 22.2957006347
135 134 21.6580305934
136 135 21.848980584
137 136 22.7242102489
138 137 23.3608121453
139 138 23.9839875265
140 139 24.6841843962
141 140 25.3498780613
142 141 26.0176042469
143 142 26.6927972614
144 143 27.1796514492
145 144 26.7283800643
146 145 26.2524871727
147 146 25.4689205429
148 147 25.0064271395
149 148 24.2081796779
150 149 23.7529731534
151 150 22.9820000126
152 151 22.4629142212
153 152 21.9491542084
154 153 22.5512802667
155 154 23.2030525103
156 155 23.7546942644
157 156 24.3892556193
158 157 24.6929164137
159 158 25.3777852046
160 159 25.1863969224
161 160 25.8656212829
162 161 26.6373147163
163 162 27.1354525625
164 163 26.3527521086
165 164 26.3306703807
166 165 25.503544086
167 166 24.8498440197
168 167 24.0604350819
169 168 23.4128865916
170 169 22.6168217368
171 170 22.0372367028
172 171 22.5096410583
173 172 23.2891614543
174 173 23.9712165746
175 174 24.5895864587
176 175 25.3484653226
177 176 25.9828056296
178 177 26.8081260715
179 178 27.5994577253
180 179 28.0549372487
181 180 27.2894336163
182 181 26.9867868111
183 182 26.1127876487
184 183 25.6074904122
185 184 24.7762020303
186 185 24.3045996028
187 186 23.5695428963
188 187 23.2316157903
189 188 22.6337256989
190 189 22.449120989
191 190 23.2870855215
192 191 23.5917657235
193 192 24.0125775471
194 193 24.3342507525
195 194 24.8740623973
196 195 24.5349223992
197 196 25.2166172938
198 197 25.9813161749
199 198 26.546262774
200 199 27.2404650204
201 200 27.2468287644
202 201 27.3424256686
203 202 28.2093567358
204 203 28.000665638
205 204 27.5956147864
206 205 28.3340240312
207 206 28.8232481981
208 207 28.3948950157
209 208 28.9741870362
210 209 28.5518926857
211 210 28.9122039464
212 211 28.4477301512
213 212 27.6230675103
214 213 27.485009063
215 214 26.7799726295
216 215 26.153506172
217 216 25.3585275878
218 217 24.8598943244
219 218 24.0451152717
220 219 23.6307414431
221 220 23.1620108346
222 221 23.0115511756
223 222 23.2647630539
224 223 23.8523629581
225 224 24.0206500316
226 225 24.3375077406
227 226 24.4705821853
228 227 25.2284067889
229 228 25.6356271116
230 229 26.500026026
231 230 26.9567395172
232 231 27.660876329
233 232 27.7937199459
234 233 27.6940994776
235 234 28.1873482097
236 235 27.820715445
237 236 28.4257648685
238 237 28.6691298085
239 238 28.6529831009
240 239 28.4550234523
241 240 27.7468467984
242 241 27.4200205707
243 242 26.8408619982
244 243 26.9516964835
245 244 26.3332250433
246 245 26.0875419864
247 246 25.3340970493
248 247 25.2687943583
249 248 24.6970936751
250 249 25.0301538709
251 250 24.685789931
252 251 24.8889301806
253 252 24.7929904318
254 253 25.0253271315
255 254 25.5937231164
256 255 25.8847888917
257 256 25.7283956191
258 257 25.6876531489
259 258 25.7281159363
260 259 25.3815328015
261 260 25.4311922173
262 261 24.864193692
263 262 25.0342659264
264 263 24.2421701941
265 264 24.0576624839
266 265 24.2500726361
267 266 24.9634567973
268 267 25.539299234
269 268 25.8074928398
270 269 25.8523121669
271 270 26.5772877516
272 271 26.4918495011
273 272 26.8141556894
274 273 26.1163428649
275 274 26.026175616
276 275 25.6515255208
277 276 24.846881098
278 277 24.2013266789
279 278 23.457496787
280 279 22.7886368274
281 280 21.88926362
282 281 21.4832092009
283 282 20.7329476379
284 283 20.7036896185
285 284 20.2560595366
286 285 20.1877980403
287 286 20.5705566738
288 287 20.7420470606
289 288 20.8251424019
290 289 21.5493642102
291 290 21.496690552
292 291 21.4363908066
293 292 21.5228496194
294 293 22.0732350856
295 294 22.1237921897
296 295 22.9707522783
297 296 23.4988603303
298 297 24.3063696642
299 298 24.8575323166
300 299 25.35459339
301 300 24.8210237051
302 301 24.320612444
303 302 23.7341238172
304 303 23.0038472919
305 304 22.9220745894
306 305 22.3557050198
307 306 22.6283027054
308 307 22.1616080404
309 308 22.6504605214
310 309 23.1692819193
311 310 23.2220372062
312 311 23.098926285
313 312 22.4363864911
314 313 22.4336344219
315 314 21.6722836675
316 315 21.6695060365
317 316 21.6949502792
318 317 22.2536920395
319 318 21.6701035088
320 319 21.2898370161
321 320 22.0810655607
322 321 22.2290123883
323 322 23.1248094921
324 323 23.6138979105
325 324 24.0721407505
326 325 24.9688785956
327 326 25.4484558732
328 327 25.6777104532
329 328 26.4720438417
330 329 26.7507046311
331 330 26.2902557282
332 331 26.1577820314
333 332 25.4068913982
334 333 24.9833741195
335 334 24.6269067919
336 335 24.0187513641
337 336 24.1972686383
338 337 23.3451860008
339 338 22.505753742
340 339 21.5839015678
341 340 20.6767397001
342 341 19.9476400967
343 342 19.2093355067
344 343 18.7759630812
345 344 18.9486609527
346 345 18.6157018727
347 346 18.8382237838
348 347 29.2075901904
349 347 29.2075901904
350 347 29.2075901904
351 347 29.2075901904
352 347 29.2075901904
353 347 29.2075901904
354 347 29.2075901904
355 347 29.2075901904
356 347 29.2075901904
357 347 29.2075901904
358 348 26.7575538822
359 348 26.7575538822
360 348 26.7575538822
361 348 26.7575538822
362 349 19.1475546304
363 350 19.6334956262
364 351 20.128119654
365 352 21.0310063565
366 353 21.5523374843
367 354 22.5404145504
368 355 23.3314240782
369 356 24.2077605084
370 357 25.0170983565
371 358 25.0915637552
372 359 24.4248139222
373 360 23.8664114544
374 361 22.8602738506
375 362 22.2525407299
376 363 21.2357522988
377 364 20.9679313305
378 365 20.1502611207
379 366 20.304006928
380 367 19.7596544507
381 368 19.7004342778
382 369 19.7749250914
383 369 19.7749250914
384 369 19.7749250914
385 369 19.7749250914
386 369 19.7749250914
387 369 19.7749250914
388 369 19.7749250914
389 369 19.7749250914
390 369 19.7749250914
391 369 19.7749250914
392 369 19.7749250914
393 369 19.7749250914
394 369 19.7749250914
395 369 19.7749250914
396 369 19.7749250914
397 369 19.7749250914
398 369 19.7749250914
399 369 19.7749250914
400 369 19.7749250914
401 369 19.7749250914
402 369 19.7749250914
403 369 19.7749250914
404 369 19.7749250914
405 369 19.7749250914
406 369 19.7749250914
407 369 19.7749250914
408 369 19.7749250914
409 369 19.7749250914
410 369 19.7749250914
411 369 19.7749250914
412 369 19.7749250914
413 369 19.7749250914
414 369 19.7749250914
415 369 19.7749250914
416 369 19.7749250914
417 369 19.7749250914
418 369 19.7749250914
419 369 19.7749250914
420 369 19.7749250914
421 369 19.7749250914
422 369 19.7749250914
423 369 19.7749250914
424 369 19.7749250914
425 369 19.7749250914
426 369 19.7749250914
427 369 19.7749250914
428 369 19.7749250914
429 369 19.7749250914
430 369 19.7749250914
431 369 19.7749250914
432 369 19.7749250914
433 369 19.7749250914
434 369 19.7749250914
435 369 19.7749250914
436 369 19.7749250914
437 369 19.7749250914
438 369 19.7749250914
439 369 19.7749250914
440 369 19.7749250914
441 369 19.7749250914
442 369 19.7749250914
443 369 19.7749250914
444 369 19.7749250914
445 369 19.7749250914
446 369 19.7749250914
447 369 19.7749250914
448 369 19.7749250914
449 369 19.7749250914
450 369 19.7749250914
451 369 19.7749250914
452 369 19.7749250914
453 369 19.7749250914
454 369 19.7749250914
455 369 19.7749250914
456 369 19.7749250914
457 369 19.7749250914
458 369 19.7749250914
459 369 19.7749250914
460 369 19.7749250914
461 369 19.7749250914
462 369 19.7749250914
463 369 19.7749250914
464 369 19.7749250914
465 369 19.7749250914
466 369 19.7749250914
467 369 19.7749250914
468 369 19.7749250914
469 369 19.7749250914
470 369 19.7749250914
471 369 19.7749250914
472 369 19.7749250914
473 369 19.7749250914
474 369 19.7749250914
475 369 19.7749250914
476 369 19.7749250914
477 369 19.7749250914
478 369 19.7749250914
479 369 19.7749250914
480 369 19.7749250914
481 369 19.7749250914
482 370 16.0449143885
483 370 16.0449143885
484 370 16.0449143885
485 370 16.0449143885
486 370 16.0449143885
487 370 16.0449143885
488 370 16.0449143885
489 370 16.0449143885
490 370 16.0449143885
491 370 16.0449143885
492 370 16.0449143885
493 370 16.0449143885
494 370 16.0449143885
495 370 16.0449143885
496 370 16.0449143885
497 370 16.0449143885
498 370 16.0449143885
499 370 16.0449143885
500 370 16.0449143885
501 370 16.0449143885
502 370 16.0449143885
503 370 16.0449143885
504 370 16.0449143885
505 370 16.0449143885
506 370 16.0449143885
507 370 16.0449143885
508 370 16.0449143885
509 370 16.0449143885
510 370 16.0449143885
511 370 16.0449143885
512 370 16.0449143885
513 370 16.0449143885
514 370 16.0449143885
515 370 16.0449143885
516 370 16.0449143885
517 370 16.0449143885
518 370 16.0449143885
519 370 16.0449143885
520 370 16.0449143885
521 370 16.0449143885
522 370 16.0449143885
523 370 16.0449143885
524 370 16.0449143885
525 370 16.0449143885
526 370 16.0449143885
527 370 16.0449143885
528 370 16.0449143885
529 370 16.0449143885
530 370 16.0449143885
531 370 16.0449143885
532 370 16.0449143885
533 370 16.0449143885
534 370 16.0449143885
535 370 16.0449143885
536 370 16.0449143885
537 370 16.0449143885
538 370 16.0449143885
539 370 16.0449143885
540 370 16.0449143885
541 370 16.0449143885
542 370 16.0449143885
543 370 16.0449143885
544 370 16.0449143885
545 370 16.0449143885
546 370 16.0449143885
547 370 16.0449143885
548 370 16.0449143885
549 370 16.0449143885
550 370 16.0449143885
551 370 16.0449143885
552 370 16.0449143885
553 370 16.0449143885
554 370 16.0449143885
555 370 16.0449143885
556 370 16.0449143885
557 370 16.0449143885
558 370 16.0449143885
559 370 16.0449143885
560 370 16.0449143885
561 370 16.0449143885
562 370 16.0449143885
563 370 16.0449143885
564 370 16.0449143885
565 370 16.0449143885
566 370 16.0449143885
567 370 16.0449143885
568 370 16.0449143885
569 370 16.0449143885
570 370 16.0449143885
571 370 16.0449143885
572 370 16.0449143885
573 370 16.0449143885
574 370 16.0449143885
575 370 16.0449143885
576 370 16.0449143885
577 370 16.0449143885
578 370 16.0449143885
579 370 16.0449143885
580 370 16.0449143885
581 370 16.0449143885
582 371 12.8250432723
583 371 12.8250432723
584 371 12.8250432723
585 371 12.8250432723
586 371 12.8250432723
587 371 12.8250432723
588 371 12.8250432723
589 371 12.8250432723
590 371 12.8250432723
591 371 12.8250432723
592 371 12.8250432723
593 371 12.8250432723
594 371 12.8250432723
595 371 12.8250432723
596 371 12.8250432723
597 371 12.8250432723
598 371 12.8250432723
599 371 12.8250432723
600 371 12.8250432723
601 371 12.8250432723
602 371 12.8250432723
603 371 12.8250432723
604 371 12.8250432723
605 371 12.8250432723
606 371 12.8250432723
607 371 12.8250432723
608 371 12.8250432723
609 371 12.8250432723
610 371 12.8250432723
611 371 12.8250432723
612 371 12.8250432723
613 371 12.8250432723
614 371 12.8250432723
615 371 12.8250432723
616 371 12.8250432723
617 371 12.8250432723
618 371 12.8250432723
619 371 12.8250432723
620 371 12.8250432723
621 371 12.8250432723
622 371 12.8250432723
623 371 12.8250432723
624 371 12.8250432723
625 371 12.8250432723
626 371 12.8250432723
627 371 12.8250432723
628 371 12.8250432723
629 371 12.8250432723
630 371 12.8250432723
631 371 12.8250432723
632 371 12.8250432723
633 371 12.8250432723
634 371 12.8250432723
635 371 12.8250432723
636 371 12.8250432723
637 371 12.8250432723
638 371 12.8250432723
639 371 12.8250432723
640 371 12.8250432723
641 371 12.8250432723
642 371 12.8250432723
643 371 12.8250432723
644 371 12.8250432723
645 371 12.8250432723
646 371 12.8250432723
647 371 12.8250432723
648 371 12.8250432723
649 371 12.8250432723
650 371 12.8250432723
651 371 12.8250432723
652 371 12.8250432723
653 371 12.8250432723
654 371 12.8250432723
655 371 12.8250432723
656 371 12.8250432723
657 371 12.8250432723
658 371 12.8250432723
659 371 12.8250432723
660 371 12.8250432723
661 371 12.8250432723
662 371 12.8250432723
663 371 12.8250432723
664 371 12.8250432723
665 371 12.8250432723
666 371 12.8250432723
667 371 12.8250432723
668 371 12.8250432723
669 371 12.8250432723
670 371 12.8250432723
671 371 12.8250432723
672 371 12.8250432723
673 371 12.8250432723
674 371 12.8250432723
675 371 12.8250432723
676 371 12.8250432723
677 371 12.8250432723
678 371 12.8250432723
679 371 12.8250432723
680 371 12.8250432723
681 371 12.8250432723
682 372 11.891598448
683 372 11.891598448
684 372 11.891598448
685 372 11.891598448
686 372 11.891598448
687 372 11.891598448
688 372 11.891598448
689 372 11.891598448
690 372 11.891598448
691 372 11.891598448
692 372 11.891598448
693 372 11.891598448
694 372 11.891598448
695 372 11.891598448
696 372 11.891598448
697 372 11.891598448
698 372 11.891598448
699 372 11.891598448
700 372 11.891598448
701 372 11.891598448
702 372 11.891598448
703 372 11.891598448
704 372 11.891598448
705 372 11.891598448
706 372 11.891598448
707 372 11.891598448
708 372 11.891598448
709 372 11.891598448
710 372 11.891598448
711 372 11.891598448
712 372 11.891598448
713 372 11.891598448
714 372 11.891598448
715 372 11.891598448
716 372 11.891598448
717 372 11.891598448
718 372 11.891598448
719 372 11.891598448
720 372 11.891598448
721 372 11.891598448
722 372 11.891598448
723 372 11.891598448
724 372 11.891598448
725 372 11.891598448
726 372 11.891598448
727 372 11.891598448
728 372 11.891598448
729 372 11.891598448
730 372 11.891598448
731 372 11.891598448
732 372 11.891598448
733 372 11.891598448
734 372 11.891598448
735 372 11.891598448
736 372 11.891598448
737 372 11.891598448
738 372 11.891598448
739 372 11.891598448
740 372 11.891598448
741 372 11.891598448
742 372 11.891598448
743 372 11.891598448
744 372 11.891598448
745 372 11.891598448
746 372 11.891598448
747 372 11.891598448
748 372 11.891598448
749 372 11.891598448
750 372 11.891598448
751 372 11.891598448
752 372 11.891598448
753 372 11.891598448
754 372 11.891598448
755 372 11.891598448
756 372 11.891598448
757 372 11.891598448
758 372 11.891598448
759 372 11.891598448
760 372 11.891598448
761 372 11.891598448
762 372 11.891598448
763 372 11.891598448
764 372 11.891598448
765 372 11.891598448
766 372 11.891598448
767 372 11.891598448
768 372 11.891598448
769 372 11.891598448
770 372 11.891598448
771 372 11.891598448
772 372 11.891598448
773 372 11.891598448
774 372 11.891598448
775 372 11.891598448
776 372 11.891598448
777 372 11.891598448
778 372 11.891598448
779 372 11.891598448
780 372 11.891598448
781 372 11.891598448
782 373 12.1687544785
783 373 12.1687544785
784 373 12.1687544785
785 373 12.1687544785
786 373 12.1687544785
787 373 12.1687544785
788 373 12.1687544785
789 373 12.1687544785
790 373 12.1687544785
791 373 12.1687544785
792 373 12.1687544785
793 373 12.1687544785
794 373 12.1687544785
795 373 12.1687544785
796 373 12.1687544785
797 373 12.1687544785
798 373 12.1687544785
799 373 12.1687544785
800 373 12.1687544785
801 373 12.1687544785
802 373 12.1687544785
803 373 12.1687544785
804 373 12.1687544785
805 373 12.1687544785
806 373 12.1687544785
807 373 12.1687544785
808 373 12.1687544785
809 373 12.1687544785
810 373 12.1687544785
811 373 12.1687544785
812 373 12.1687544785
813 373 12.1687544785
814 373 12.1687544785
815 373 12.1687544785
816 373 12.1687544785
817 373 12.1687544785
818 373 12.1687544785
819 373 12.1687544785
820 373 12.1687544785
821 373 12.1687544785
822 373 12.1687544785
823 373 12.1687544785
824 373 12.1687544785
825 373 12.1687544785
826 373 12.1687544785
827 373 12.1687544785
828 373 12.1687544785
829 373 12.1687544785
830 373 12.1687544785
831 373 12.1687544785
832 373 12.1687544785
833 373 12.1687544785
834 373 12.1687544785
835 373 12.1687544785
836 373 12.1687544785
837 373 12.1687544785
838 373 12.1687544785
839 373 12.1687544785
840 373 12.1687544785
841 373 12.1687544785
842 373 12.1687544785
843 373 12.1687544785
844 373 12.1687544785
845 373 12.1687544785
846 373 12.1687544785
847 373 12.1687544785
848 373 12.1687544785
849 373 12.1687544785
850 373 12.1687544785
851 373 12.1687544785
852 373 12.1687544785
853 373 12.1687544785
854 373 12.1687544785
855 373 12.1687544785
856 373 12.1687544785
857 373 12.1687544785
858 373 12.1687544785
859 373 12.1687544785
860 373 12.1687544785
861 373 12.1687544785
862 373 12.1687544785
863 373 12.1687544785
864 373 12.1687544785
865 373 12.1687544785
866 373 12.1687544785
867 373 12.1687544785
868 373 12.1687544785
869 373 12.1687544785
870 373 12.1687544785
871 373 12.1687544785
872 373 12.1687544785
873 373 12.1687544785
874 373 12.1687544785
875 373 12.1687544785
876 373 12.1687544785
877 373 12.1687544785
878 373 12.1687544785
879 373 12.1687544785
880 373 12.1687544785
881 373 12.1687544785
882 374 12.7866325542
883 374 12.7866325542
884 374 12.7866325542
885 374 12.7866325542
886 374 12.7866325542
887 374 12.7866325542
888 374 12.7866325542
889 374 12.7866325542
890 374 12.7866325542
891 374 12.7866325542
892 374 12.7866325542
893 374 12.7866325542
894 374 12.7866325542
895 374 12.7866325542
896 374 12.7866325542
897 374 12.7866325542
898 374 12.7866325542
899 374 12.7866325542
900 374 12.7866325542
901 374 12.7866325542
902 374 12.7866325542
903 374 12.7866325542
904 374 12.7866325542
905 374 12.7866325542
906 374 12.7866325542
907 374 12.7866325542
908 374 12.7866325542
909 374 12.7866325542
910 374 12.7866325542
911 374 12.7866325542
912 374 12.7866325542
913 374 12.7866325542
914 374 12.7866325542
915 374 12.7866325542
916 374 12.7866325542
917 374 12.7866325542
918 374 12.7866325542
919 374 12.7866325542
920 374 12.7866325542
921 374 12.7866325542
922 374 12.7866325542
923 374 12.7866325542
924 374 12.7866325542
925 374 12.7866325542
926 374 12.7866325542
927 374 12.7866325542
928 374 12.7866325542
929 374 12.7866325542
930 374 12.7866325542
931 374 12.7866325542
932 374 12.7866325542
933 374 12.7866325542
934 374 12.7866325542
935 374 12.7866325542
936 374 12.7866325542
937 374 12.7866325542
938 374 12.7866325542
939 374 12.7866325542
940 374 12.7866325542
941 374 12.7866325542
942 374 12.7866325542
943 374 12.7866325542
944 374 12.7866325542
945 374 12.7866325542
946 374 12.7866325542
947 374 12.7866325542
948 374 12.7866325542
949 374 12.7866325542
950 374 12.7866325542
951 374 12.7866325542
952 374 12.7866325542
953 374 12.7866325542
954 374 12.7866325542
955 374 12.7866325542
956 374 12.7866325542
957 374 12.7866325542
958 374 12.7866325542
959 374 12.7866325542
960 374 12.7866325542
961 374 12.7866325542
962 374 12.7866325542
963 374 12.7866325542
964 374 12.7866325542
965 374 12.7866325542
966 374 12.7866325542
967 374 12.7866325542
968 374 12.7866325542
969 374 12.7866325542
970 374 12.7866325542
971 374 12.7866325542
972 374 12.7866325542
973 374 12.7866325542
974 374 12.7866325542
975 374 12.7866325542
976 374 12.7866325542
977 374 12.7866325542
978 374 12.7866325542
979 374 12.7866325542
980 374 12.7866325542
981 374 12.7866325542
982 375 13.9629431538
983 375 13.9629431538
984 375 13.9629431538
985 375 13.9629431538
986 375 13.9629431538
987 375 13.9629431538
988 375 13.9629431538
989 375 13.9629431538
990 375 13.9629431538
991 375 13.9629431538
992 375 13.9629431538
993 375 13.9629431538
994 375 13.9629431538
995 375 13.9629431538
996 375 13.9629431538
997 375 13.9629431538
998 375 13.9629431538
999 375 13.9629431538
1000 375 13.9629431538
1001 375 13.9629431538
1002 375 13.9629431538
1003 375 13.9629431538
1004 375 13.9629431538
1005 375 13.9629431538
1006 375 13.9629431538
1007 375 13.9629431538
1008 375 13.9629431538
1009 375 13.9629431538
1010 375 13.9629431538
1011 375 13.9629431538
1012 375 13.9629431538
1013 375 13.9629431538
1014 375 13.9629431538
1015 375 13.9629431538
1016 375 13.9629431538
1017 375 13.9629431538
1018 375 13.9629431538
1019 375 13.9629431538
1020 375 13.9629431538
1021 375 13.9629431538
1022 375 13.9629431538
1023 375 13.9629431538
1024 375 13.9629431538
1025 375 13.9629431538
1026 375 13.9629431538
1027 375 13.9629431538
1028 375 13.9629431538
1029 375 13.9629431538
1030 375 13.9629431538
1031 375 13.9629431538
1032 375 13.9629431538
1033 375 13.9629431538
1034 375 13.9629431538
1035 375 13.9629431538
1036 375 13.9629431538
1037 375 13.9629431538
1038 375 13.9629431538
1039 375 13.9629431538
1040 375 13.9629431538
1041 375 13.9629431538
1042 375 13.9629431538
1043 375 13.9629431538
1044 375 13.9629431538
1045 375 13.9629431538
1046 375 13.9629431538
1047 375 13.9629431538
1048 375 13.9629431538
1049 375 13.9629431538
1050 375 13.9629431538
1051 375 13.9629431538
1052 375 13.9629431538
1053 375 13.9629431538
1054 375 13.9629431538
1055 375 13.9629431538
1056 375 13.9629431538
1057 375 13.9629431538
1058 375 13.9629431538
1059 375 13.9629431538
1060 375 13.9629431538
1061 375 13.9629431538
1062 375 13.9629431538
1063 375 13.9629431538
1064 375 13.9629431538
1065 375 13.9629431538
1066 375 13.9629431538
1067 375 13.9629431538
1068 375 13.9629431538
1069 375 13.9629431538
1070 375 13.9629431538
1071 375 13.9629431538
1072 375 13.9629431538
1073 375 13.9629431538
1074 375 13.9629431538
1075 375 13.9629431538
1076 375 13.9629431538
1077 375 13.9629431538
1078 375 13.9629431538
1079 375 13.9629431538
1080 375 13.9629431538
1081 375 13.9629431538
1082 376 14.6760795269
1083 376 14.6760795269
1084 376 14.6760795269
1085 376 14.6760795269
1086 376 14.6760795269
1087 376 14.6760795269
1088 376 14.6760795269
1089 376 14.6760795269
1090 376 14.6760795269
1091 376 14.6760795269
1092 376 14.6760795269
1093 376 14.6760795269
1094 376 14.6760795269
1095 376 14.6760795269
1096 376 14.6760795269
1097 376 14.6760795269
1098 376 14.6760795269
1099 376 14.6760795269
1100 376 14.6760795269
1101 376 14.6760795269
1102 376 14.6760795269
1103 376 14.6760795269
1104 376 14.6760795269
1105 376 14.6760795269
1106 376 14.6760795269
1107 376 14.6760795269
1108 376 14.6760795269
1109 376 14.6760795269
1110 376 14.6760795269
1111 376 14.6760795269
1112 376 14.6760795269
1113 376 14.6760795269
1114 376 14.6760795269
1115 376 14.6760795269
1116 376 14.6760795269
1117 377 10.4952792185
1118 378 9.25005928908
1119 379 8.14469371213
1120 380 7.0607415286
1121 381 7.26382580286
1122 382 6.49798710146
1123 383 7.40364321251
1124 384 7.60163839142
1125 385 9.81880718172
1126 386 11.392284988
1127 387 23.0089614896
1128 387 23.0089614896
1129 387 23.0089614896
1130 387 23.0089614896
1131 387 23.0089614896
1132 387 23.0089614896
1133 387 23.0089614896
1134 387 23.0089614896
1135 387 23.0089614896
1136 387 23.0089614896
1137 388 16.4563773108
1138 388 16.4563773108
1139 388 16.4563773108
1140 388 16.4563773108
1141 388 16.4563773108
1142 388 16.4563773108
1143 388 16.4563773108
1144 388 16.4563773108
1145 388 16.4563773108
1146 388 16.4563773108
1147 389 10.4229259917
1148 389 10.4229259917
1149 389 10.4229259917
1150 389 10.4229259917
1151 389 10.4229259917
1152 389 10.4229259917
1153 389 10.4229259917
1154 389 10.4229259917
1155 389 10.4229259917
1156 389 10.4229259917
1157 390 5.26889003353
1158 390 5.26889003353
1159 390 5.26889003353
1160 390 5.26889003353
1161 390 5.26889003353
1162 390 5.26889003353
1163 390 5.26889003353
1164 390 5.26889003353
1165 390 5.26889003353
1166 390 5.26889003353
1167 391 7.45810831108
1168 391 7.45810831108
1169 391 7.45810831108
1170 391 7.45810831108
1171 391 7.45810831108
1172 391 7.45810831108
1173 391 7.45810831108
1174 391 7.45810831108
1175 391 7.45810831108
1176 391 7.45810831108
1177 392 9.3975285745
1178 392 9.3975285745
1179 392 9.3975285745
1180 392 9.3975285745
1181 392 9.3975285745
1182 392 9.3975285745
1183 392 9.3975285745
1184 392 9.3975285745
1185 392 9.3975285745
1186 392 9.3975285745
1187 393 15.0320586385
1188 393 15.0320586385
1189 393 15.0320586385
1190 393 15.0320586385
1191 393 15.0320586385
1192 393 15.0320586385
1193 393 15.0320586385
1194 393 15.0320586385
1195 393 15.0320586385
1196 393 15.0320586385
1197 394 23.822981837
1198 394 23.822981837
1199 394 23.822981837
1200 394 23.822981837
1201 394 23.822981837
1202 394 23.822981837
1203 394 23.822981837
1204 394 23.822981837
1205 394 23.822981837
1206 394 23.822981837
1207 395 31.1080113071
1208 395 31.1080113071
1209 395 31.1080113071
1210 395 31.1080113071
1211 396 4.85788159038
1212 397 7.09797824847
1213 398 6.76851984482
1214 399 4.24650607418
1215 400 5.0371576813
1216 401 6.70145573761
1217 402 5.21734691315
1218 403 3.42671872614
1219 404 5.56201561405
1220 405 6.0334417381
1221 406 3.71637910722
1222 407 3.39907623251
1223 408 5.49423800397
1224 409 4.66703919919
1225 410 2.58145659714
1226 411 4.35199549715
1227 412 5.2360921768
1228 413 3.16475646956
1229 414 3.27276526808
1230 415 5.25451624148
1231 416 3.93125272058
1232 417 2.69671259345
1233 418 5.02229081842
1234 419 5.15742255557
1235 420 3.19495556959
1236 421 4.88086604454
1237 422 6.59423373452
1238 423 5.32048575266
1239 424 4.67748537821
1240 425 8.87857180294
1241 425 8.87857180294
1242 425 8.87857180294
1243 425 8.87857180294
1244 425 8.87857180294
1245 425 8.87857180294
1246 425 8.87857180294
1247 425 8.87857180294
1248 425 8.87857180294
1249 425 8.87857180294
1250 426 7.98230406984
1251 426 7.98230406984
1252 426 7.98230406984
1253 426 7.98230406984
1254 426 7.98230406984
1255 426 7.98230406984
1256 426 7.98230406984
1257 426 7.98230406984
1258 426 7.98230406984
1259 426 7.98230406984
1260 427 6.87005574194
1261 427 6.87005574194
1262 427 6.87005574194
1263 427 6.87005574194
1264 427 6.87005574194
1265 427 6.87005574194
1266 428 4.91221738629
1267 429 3.50855295449
1268 430 5.74208423379
1269 431 5.67430101365
1270 432 3.57849969665
1271 433 5.00848155468
1272 434 6.50023208969
1273 435 4.80393766835
1274 436 3.60611493356
1275 437 5.99299798489
1276 438 5.98534833181
1277 439 3.78257161599
1278 440 4.50687903881
1279 441 6.20453787628
1280 442 4.89851331185
1281 443 3.51042102362
1282 444 5.70230062479
1283 445 5.77775359011
1284 446 3.61484082708
1285 447 4.46865067741
1286 448 6.31064194781
1287 449 4.8365762422
1288 450 3.35609145852
1289 451 5.51087582345
1290 452 5.93647922249
1291 453 3.7509196628
1292 454 4.67541518117
1293 455 6.12900034367
1294 456 4.41501814167
1295 457 3.42173695477
1296 458 5.61932305053
1297 459 5.50158945373
1298 460 3.39281674146
1299 461 4.67975480998
1300 462 6.13773856396
1301 463 4.47053654198
1302 464 3.5013195476
1303 465 5.65445639822
1304 466 5.85427520197
1305 467 3.76522246009
1306 468 4.89649823013
1307 469 6.43588888586
1308 470 5.05317427164
1309 471 3.95474412503
1310 472 6.17085616044
1311 473 6.6367432176
1312 474 4.77355034182
1313 475 5.91595311609
1314 476 8.01844137357
1315 477 6.87110117018
1316 478 6.19396926069
1317 479 8.60837237109
1318 480 9.32511858971
1319 481 7.74560460828
1320 482 8.80016710221
1321 483 11.1005235686
1322 484 4.97994759574
1323 484 4.97994759574
1324 484 4.97994759574
1325 484 4.97994759574
1326 484 4.97994759574
1327 484 4.97994759574
1328 484 4.97994759574
1329 484 4.97994759574
1330 484 4.97994759574
1331 484 4.97994759574
1332 485 1.88924695723
1333 486 2.00175332665
1334 487 1.81261840592
1335 488 1.73574492898
1336 489 1.95723441756
1337 490 1.81856613362
1338 491 1.59029386674
1339 492 1.87036829081
1340 493 1.95037168916
1341 494 1.678723597
1342 495 1.79887221757
1343 496 2.17566909944
1344 497 2.01046402345
1345 498 1.77525016028
1346 499 2.17886179814
1347 500 2.3087430588
1348 501 1.89690739124
1349 502 2.02748534904
1350 503 2.44044881242
1351 504 2.18010301682
1352 505 1.96782621669
1353 506 2.44237621556
1354 507 2.56317134975
1355 508 2.18894800453
1356 509 2.31320519378
1357 510 2.77760768395
1358 511 2.62151945701
1359 512 2.37239837784
1360 513 2.78428277674
1361 514 3.00908940332
1362 515 2.69994986881
1363 516 2.69677386817
1364 517 3.1308420732
1365 518 3.08508993313
1366 519 2.83512708182
1367 520 3.14846007809
1368 521 3.38351916239
1369 522 3.15653234712
1370 523 3.15304998824
1371 524 3.50157683234
1372 525 3.5665502467
1373 526 5.50851501025
1374 526 5.50851501025
1375 526 5.50851501025
1376 526 5.50851501025
1377 526 5.50851501025
1378 526 5.50851501025
1379 526 5.50851501025
1380 526 5.50851501025
1381 526 5.50851501025
1382 527 7.6230775313
1383 528 8.75251352475
1384 529 6.36414842126
1385 530 5.68403657193
1386 531 8.17115284588
1387 532 7.67558663151
1388 533 5.07219360927
1389 534 6.44184741234
1390 535 7.77151615272
1391 536 5.8126982485
1392 537 4.1688815592
1393 538 6.47885222919
1394 539 6.54589982387
1395 540 3.8855395724
1396 541 4.22572798095
1397 542 5.75803658776
1398 543 4.09175143779
1399 544 2.13283939473
1400 545 4.19348660583
1401 546 4.2225803703
1402 547 1.80867511558
1403 548 2.50073271597
1404 549 4.08213685309
1405 550 2.49901098759
1406 551 1.72066143196
1407 552 3.82603459487
1408 553 3.34699230819
1409 554 1.95006162999
1410 555 3.79433008443
1411 556 4.85895292279
1412 557 3.1640913276
1413 558 6.74830738516
1414 558 6.74830738516
1415 558 6.74830738516
1416 558 6.74830738516
1417 558 6.74830738516
1418 558 6.74830738516
1419 558 6.74830738516
1420 558 6.74830738516
1421 558 6.74830738516
1422 558 6.74830738516
1423 559 7.4207965685
1424 559 7.4207965685
1425 559 7.4207965685
1426 559 7.4207965685
1427 559 7.4207965685
1428 559 7.4207965685
1429 560 2.8054179141
1430 561 2.84137950155
1431 562 2.57108572854
1432 563 2.47818652407
1433 564 2.66421437411
1434 565 2.6023204622
1435 566 2.33626415274
1436 567 2.44495795815
1437 568 2.6395771021
1438 569 2.44841603036
1439 570 2.24308381266
1440 571 2.4669200128
1441 572 2.57614708054
1442 573 2.31071777052
1443 574 2.27596034946
1444 575 2.57061819353
1445 576 2.54498933094
1446 577 2.30638280022
1447 578 2.50166126074
1448 579 2.7079739115
1449 580 2.50806227061
1450 581 2.44101147244
1451 582 2.73890285429
1452 583 2.75557715977
1453 584 2.55142997456
1454 585 2.67008755627
1455 586 2.94791558861
1456 587 2.86997221062
1457 588 2.50322656185
1458 588 2.50322656185
1459 588 2.50322656185
1460 588 2.50322656185
