1 0 2.89713448999
2 0 2.89713448999
3 0 2.89713448999
4 0 2.89713448999
5 0 2.89713448999
6 0 2.89713448999
7 1 2.88922016052
8 2 2.84746746173
9 3 3.15526849345
10 4 3.00119090299
11 5 3.12208824748
12 6 2.78759514402
13 7 2.72295161764
14 8 3.02418948797
15 9 2.96959950513
16 10 3.14030786333
17 11 2.71834643487
18 11 2.71834643487
19 11 2.71834643487
20 11 2.71834643487
21 11 2.71834643487
22 11 2.71834643487
23 12 2.13215584247
24 13 2.08452197535
25 14 1.82703092497
26 15 1.80588526168
27 16 1.58506735867
28 17 1.62719837147
29 18 1.51138429218
30 19 1.56383468918
31 20 1.64526282148
32 21 1.80150930135
33 22 2.03210933324
34 23 1.98703626396
35 24 2.02569353808
36 25 1.96839934897
37 26 2.13312033312
38 27 2.14726232726
39 28 2.41687069396
40 29 2.63477854573
41 30 2.49593439387
42 31 2.55854926169
43 32 2.33673630289
44 33 2.44416723735
45 34 2.30561973029
46 35 2.44739220373
47 36 2.36960111219
48 37 2.5316298895
49 38 2.6433235513
50 39 2.69694349409
51 40 2.86722145683
52 41 3.19156537374
53 42 3.12944693767
54 43 2.84089362571
55 44 2.79834206921
56 45 2.75377812291
57 46 2.6786448573
58 47 2.78386904514
59 48 2.63712278796
60 49 2.79483128261
61 50 2.9979143942
62 51 2.73631008361
63 52 2.51395451999
64 53 2.53349071611
65 54 2.22127965237
66 55 2.17906563183
67 56 1.99564665924
68 57 1.81260924796
69 58 1.68283699831
70 59 1.41713272747
71 60 1.41079910779
72 61 1.19356740987
73 62 1.23733125201
74 63 1.09199452476
75 64 1.00129546569
76 65 1.15194111864
77 66 1.39710640147
78 67 1.50136502385
79 68 1.48295398252
80 69 1.5431372899
81 70 1.45706389918
82 71 1.61660864448
83 72 1.5705141321
84 73 1.63855242677
85 74 1.70136401646
86 75 2.00427325964
87 76 1.97941835663
88 77 1.76647229458
89 78 1.91303550497
90 79 1.80297057519
91 80 1.94145205646
92 81 1.88007105192
93 82 1.96376086137
94 83 2.22665618781
95 84 2.15601325237
96 85 2.38682357442
97 86 2.60122334465
98 87 2.8940578753
99 88 3.10326688266
100 89 2.94241178943
101 90 3.23105355974
102 91 3.22249854055
103 92 3.20453336813
104 93 3.05894137607
105 94 2.81708795354
106 95 2.75271818512
107 96 2.71954890823
108 97 2.47896339846
109 98 2.27758170968
110 99 2.30808689075
111 100 2.03926392152
112 101 2.00800728129
113 102 2.15201487954
114 103 2.13825698215
115 104 2.30286972013
116 105 2.36089994765
117 106 2.76289728765
118 107 2.78473936516
119 108 2.91374155539
120 109 3.32121207087
121 110 3.00383385154
122 110 3.00383385154
123 111 2.9402795812
124 112 2.60102605318
125 113 2.17206132668
126 114 1.89837654028
127 115 1.55593816199
128 116 1.35224943062
129 117 1.12370166579
130 118 1.01038225612
131 119 0.837134763659
132 120 0.842820174056
133 121 0.815244098163
134 122 0.764782653914
135 123 0.827763507481
136 124 0.944207323677
137 125 1.0552466107
138 126 1.15864588286
139 127 1.03347089253
140 128 1.21962346663
141 129 1.12772786233
142 130 1.1153710806
143 131 1.05085690465
144 132 1.23202583714
145 133 1.2633048728
146 134 1.56508058146
147 135 1.72118470176
148 136 1.89055718493
149 137 1.64668667592
150 138 1.68799753009
151 139 1.40680987797
152 140 1.52835851937
153 141 1.41443564313
154 142 1.58456906983
155 143 1.52781011805
156 144 1.58876171675
157 145 1.69024619366
158 146 1.85933858225
159 147 2.15471624964
160 148 2.19220440554
161 149 1.99122445822
162 150 2.1682047786
163 151 1.95546600456
164 152 1.81257492044
165 153 1.86199239194
166 154 1.71943506515
167 155 1.82272573362
168 156 2.13826391976
169 157 2.35773025109
170 158 2.64042299475
171 159 3.01353485409
172 160 2.98262188415
173 161 3.06155518068
174 162 2.98049659562
175 163 2.70604748214
176 164 2.43620511934
177 165 2.5070271696
178 166 2.16024954276
179 167 1.88180881188
180 168 1.91139411728
181 169 1.8283794848
182 170 1.5694062454
183 171 1.59374933522
184 172 1.39496145837
185 173 1.17049261788
186 174 1.16059554496
187 175 1.06629437127
188 176 1.24854206725
189 177 1.15020382203
190 178 1.2972896054
191 179 1.07496482141
192 180 1.21583932708
193 181 1.2603336892
194 182 1.15656100351
195 183 1.34197398264
196 184 1.40257195188
197 185 1.61715630286
198 186 1.75948927307
199 187 2.00735923503
200 188 2.1649105749
201 189 2.31241738986
202 190 2.28840656518
203 191 2.05689865726
204 192 1.94057062088
205 193 1.74348931918
206 194 1.67295094506
207 195 1.52124418227
208 196 1.44959890798
209 197 1.53606394135
210 198 1.45897025825
211 199 1.21200467903
212 200 1.16733239165
213 201 1.12170108568
214 202 1.33102238849
215 203 1.21244328174
216 204 1.0583107354
217 205 0.91533859641
218 206 1.10487986238
219 207 1.21169830314
220 208 1.5272336502
221 209 1.58714915671
222 210 1.49319061669
223 211 1.667689844
224 212 1.91437320748
225 213 1.82558460245
226 214 1.82023035914
227 215 2.05337638817
228 216 2.18903246631
229 217 2.10927733208
230 218 2.20561392535
231 219 2.46700901045
232 220 2.51747806725
233 221 2.5207430057
234 222 2.70401314137
235 223 2.91595548242
236 224 2.89336987657
237 225 3.04731040613
238 226 3.37406482277
239 227 3.59642175416
240 228 3.49531350182
241 229 3.2025205873
242 230 3.15162685171
243 231 3.20472737659
244 232 2.91384868206
245 233 2.71757389792
246 234 2.88514878705
247 235 2.8038006853
248 236 2.4597022939
249 237 2.46816651791
250 238 2.62788002249
251 239 2.41397418371
252 240 2.15998271233
253 241 2.31404055618
254 242 2.37040847526
255 243 2.05868480173
256 244 1.94844290735
257 245 2.18038387862
258 246 2.07910177317
259 247 1.77565655512
260 248 1.92763511415
261 249 2.06087471246
262 250 1.81685484642
263 251 1.59258640457
264 252 1.48549601897
265 253 1.44659198953
266 254 1.39685556529
267 255 1.22555498528
268 256 1.1204854922
269 257 1.14532681274
270 258 1.34896664056
271 259 1.46169454616
272 260 1.52079331963
273 261 1.79459639517
274 262 1.86061913168
275 263 2.06007070842
276 264 1.83711819929
277 265 1.62193824359
278 266 1.84988867493
279 267 1.80456661904
280 268 1.93665774138
281 269 1.78787707786
282 270 1.90826490977
283 271 1.99222874755
284 272 2.04491738939
285 273 2.00128118098
286 274 2.21366757016
287 275 2.16791878822
288 276 2.38378590982
289 277 2.50654467098
290 278 2.42661981643
291 279 2.54797035588
292 280 2.73942867877
293 281 2.75263062416
294 282 2.51500221337
295 283 2.58923057016
296 284 2.70685086758
297 285 2.512331227
298 286 2.2857619603
299 287 2.05820575822
300 288 1.9660848844
301 289 1.74034373587
302 290 1.60134285325
303 291 1.44233550493
304 292 1.31656059479
305 293 1.34140590057
306 294 1.37700054869
307 295 1.67710287676
308 296 1.71964930541
309 297 1.57776349136
310 298 1.5967932667
311 299 1.41234340417
312 300 1.59501636939
313 301 1.50011244261
314 302 1.60084831159
315 303 1.58407756018
316 304 1.69554716851
317 305 1.83625307591
318 306 2.00741451635
319 307 2.21982756292
320 308 2.42266170642
321 309 2.58857290682
322 310 2.46133389955
323 311 2.38550128959
324 312 2.139592606
325 313 2.06340693769
326 314 1.91424772515
327 315 1.87968577081
328 316 1.87583784652
329 317 1.86870266375
330 318 2.11973855644
331 319 2.16997499466
332 320 2.05786834499
333 321 1.97533387318
334 322 2.07513489991
335 323 1.92226408352
336 324 2.05746050473
337 325 2.08433794012
338 326 2.40662542578
339 327 2.49535048374
340 328 2.47111800406
341 329 2.3835345114
342 330 2.33649875271
343 331 2.30431460422
344 332 2.36743408741
345 333 2.25471791606
346 334 2.04983056977
347 335 2.114634467
348 336 2.00280053006
349 337 2.1641214531
350 338 2.19135732096
351 339 2.2121930726
352 340 2.26397283135
353 341 2.31704564048
354 342 2.33192087495
355 343 2.53442352624
356 344 2.46912771163
357 345 2.70933467655
358 346 2.53078467053
359 347 2.41479422544
360 348 2.13487273874
361 349 1.96579643068
362 350 1.69299342896
363 351 1.5497842367
364 352 1.31999548504
365 353 1.2194661916
366 354 1.22417615828
367 355 1.14423258918
368 356 1.40354509338
369 357 1.51703245482
370 358 1.55822195163
371 359 1.65792836095
372 360 1.61193914037
373 361 1.54592180054
374 362 1.60401736605
375 363 1.77957542642
376 364 1.84239549992
377 365 2.1231457594
378 366 2.29621413188
379 367 2.34272907354
380 368 2.21840443966
381 369 1.97279952752
382 370 2.01174723983
383 371 1.87417212277
384 372 1.90945329874
385 373 1.93438676905
386 374 1.99020147218
387 375 2.05899000149
388 376 2.34958880388
389 377 2.34813364825
390 378 2.0899374194
391 379 2.25878381503
392 380 2.5280742726
393 381 2.30653708286
394 382 2.14604391572
395 383 2.4415359077
396 384 2.56636869762
397 385 2.29970685674
398 386 2.29572709113
399 387 2.63036939388
400 388 2.69561984741
401 389 2.92148709541
402 390 2.91030822743
403 391 3.1915692417
404 392 3.05585273977
405 393 2.84807277557
406 394 3.13809301963
407 395 3.16452359494
408 396 2.86924084438
409 397 2.75993776354
410 398 2.47024391373
411 399 2.44603716668
412 400 2.2204519079
413 401 2.27841993824
414 402 2.23832485695
415 403 2.24870768067
416 404 2.28206952924
417 405 2.14966500246
418 406 2.27573278255
419 407 2.38665562092
420 408 2.2528937474
421 409 2.3331270727
422 410 2.10125330733
423 411 1.8422152433
424 412 1.80136836579
425 413 1.61888697976
426 414 1.56787037711
427 415 1.5916157935
428 416 1.6736974844
429 417 1.98265964818
430 418 2.16016043118
431 419 2.52680398362
432 420 2.83287722203
433 421 2.7045499917
434 422 2.54857889002
435 423 2.18574522006
436 424 2.14828112047
437 425 1.94026819654
438 426 2.00696465437
439 427 1.98529931606
440 428 2.01679520548
441 429 2.10796882787
442 430 2.28359681244
443 431 2.55768549773
444 432 2.50592427703
445 433 2.40447638366
446 434 2.41971190062
447 435 2.37813070152
448 436 2.3566667942
449 437 2.39924040857
450 438 2.15541746059
451 439 2.28037888864
452 440 2.172326518
453 441 4.80233223318
454 441 4.80233223318
455 441 4.80233223318
456 441 4.80233223318
457 441 4.80233223318
458 441 4.80233223318
459 441 4.80233223318
460 441 4.80233223318
461 441 4.80233223318
462 441 4.80233223318
463 442 4.03425145659
464 442 4.03425145659
465 442 4.03425145659
466 442 4.03425145659
467 442 4.03425145659
468 442 4.03425145659
469 442 4.03425145659
470 442 4.03425145659
471 442 4.03425145659
472 442 4.03425145659
473 443 5.64877898044
474 443 5.64877898044
475 443 5.64877898044
476 443 5.64877898044
477 443 5.64877898044
478 443 5.64877898044
479 443 5.64877898044
480 443 5.64877898044
481 443 5.64877898044
482 443 5.64877898044
483 444 6.10903979544
484 444 6.10903979544
485 444 6.10903979544
486 444 6.10903979544
487 444 6.10903979544
488 444 6.10903979544
489 444 6.10903979544
490 444 6.10903979544
491 444 6.10903979544
492 444 6.10903979544
493 445 5.68769659568
494 445 5.68769659568
495 445 5.68769659568
496 445 5.68769659568
497 445 5.68769659568
498 445 5.68769659568
499 445 5.68769659568
500 445 5.68769659568
501 445 5.68769659568
502 445 5.68769659568
503 446 3.89801230429
504 446 3.89801230429
505 446 3.89801230429
506 446 3.89801230429
507 446 3.89801230429
508 446 3.89801230429
509 446 3.89801230429
510 446 3.89801230429
511 446 3.89801230429
512 446 3.89801230429
513 447 3.64016935998
514 447 3.64016935998
515 447 3.64016935998
516 447 3.64016935998
517 447 3.64016935998
518 447 3.64016935998
519 447 3.64016935998
520 447 3.64016935998
521 447 3.64016935998
522 448 8.58034997355
523 449 9.70130553054
524 450 7.52523281653
525 451 6.19894043324
526 452 8.24154863378
527 453 7.97659441531
528 454 5.36259204383
529 455 5.87889551724
530 456 7.51564654612
531 457 5.94377391785
532 458 4.0654078809
533 459 5.96909527432
534 460 6.30796320758
535 461 3.96018782899
536 462 4.00196587075
537 463 5.83279728764
538 464 4.66872245372
539 465 2.82985395207
540 466 4.62391440285
541 467 5.13696288778
542 468 3.03530261742
543 469 3.21249242505
544 470 4.95516550248
545 471 3.94102743533
546 472 2.36623636776
547 473 4.21447667901
548 474 4.64549372475
549 475 2.69064840265
550 476 3.149655286
551 477 4.87043189186
552 478 3.77429010178
553 479 2.37615161131
554 480 4.51347603851
555 481 4.71953781219
556 482 2.61985106457
557 483 3.50957012131
558 484 5.24987180536
559 485 3.9116566469
560 486 2.61128532455
561 487 4.61150970107
562 488 4.70078055278
563 489 2.56444498631
564 490 3.21037381671
565 491 4.779530236
566 492 3.74628624469
567 493 2.24243779235
568 494 4.03810562093
569 495 4.36030714794
570 496 2.41825795848
571 497 3.22020106484
572 498 4.773205402
573 499 3.62397639117
574 500 2.55500226822
575 501 4.62392551954
576 502 4.7773501973
577 503 2.82460511614
578 504 3.91058330641
579 505 5.72267273407
580 506 4.52789451765
581 507 3.50545285847
582 508 6.7664429612
583 509 5.77018345923
584 510 3.63496941751
585 511 4.80247129823
586 512 6.11827107423
587 513 4.38629467241
588 514 3.40248712258
589 515 5.3359007368
590 516 5.4451905837
591 517 3.36470124485
592 518 3.94229798079
593 519 5.4538972251
594 520 4.19934305141
595 521 3.06231180221
596 522 4.64901443399
597 523 4.83785278772
598 524 3.11111841467
599 525 3.31696220276
600 526 4.49872010676
601 527 3.52301825893
602 528 2.51040003936
603 529 3.58305160888
604 530 3.67408431013
605 531 2.54828515083
606 532 3.07771776328
607 533 3.58169513955
608 534 2.88827917242
609 535 2.95521778001
610 536 4.02413939113
611 537 3.15406249803
612 538 2.45052798543
613 539 3.91974368394
614 539 3.91974368394
615 539 3.91974368394
616 539 3.91974368394
617 539 3.91974368394
618 539 3.91974368394
619 539 3.91974368394
620 539 3.91974368394
621 539 3.91974368394
622 539 3.91974368394
623 540 3.86375849136
624 540 3.86375849136
625 541 2.5521979886
626 542 2.36579326065
627 543 2.22888905712
628 544 2.69673058103
629 545 2.66284453199
630 546 2.19704092491
631 547 2.40604630415
632 548 2.8139028621
633 549 2.53669277645
634 550 2.24780492249
635 551 2.71857195914
636 552 2.88400755857
637 553 2.45041770511
638 554 2.45228168463
639 555 2.97547947625
640 556 2.857903377
641 557 2.48400580098
642 558 3.4852863726
643 559 3.43706183226
644 560 2.9088883345
645 561 2.72238791657
646 562 3.04995215334
647 563 2.87254680705
648 564 2.411556849
649 565 2.64313127043
650 566 2.96045944886
651 567 2.61356010966
652 568 2.37918118946
653 569 2.75374429895
654 570 2.86881358197
655 571 2.51799482315
656 572 2.56274170298
657 573 2.93566369318
658 574 2.8144051788
659 575 2.56704488877
660 576 2.80399225664
661 577 3.05596044177
662 578 2.8815800717
663 579 2.76558537322
664 580 3.07305206203
665 581 3.22432155364
666 582 3.02839683318
667 583 3.03431865897
668 584 3.38032018548
669 585 3.37952825906
670 586 7.87995447871
671 586 7.87995447871
672 586 7.87995447871
673 586 7.87995447871
674 586 7.87995447871
675 586 7.87995447871
676 586 7.87995447871
677 586 7.87995447871
678 587 7.25598126378
679 588 6.85170868971
680 589 4.8086394551
681 590 6.5803499056
682 591 7.38764418596
683 592 5.06608364134
684 593 4.86869539829
685 594 6.94450180437
686 595 5.96518036139
687 596 3.82777233887
688 597 5.61441494276
689 598 6.35854383468
690 599 3.97438545261
691 600 3.9157916636
692 601 5.95304577242
693 602 4.87246717792
694 603 2.65995839515
695 604 4.64302539425
696 605 5.2877744104
697 606 2.88477862714
698 607 3.09652527335
699 608 5.25186890434
700 609 4.09815671882
701 610 2.36152651816
702 611 4.89579884374
703 612 5.45716414967
704 613 3.10249462085
705 614 4.35233861593
706 615 6.60154309276
707 616 5.54320398458
708 617 4.0098088735
709 618 6.383027297
710 619 6.88157863504
711 620 4.69499740692
712 621 5.78907053656
713 622 7.55535067288
