1 0 23.8185390299
2 0 23.8185390299
3 0 23.8185390299
4 0 23.8185390299
5 0 23.8185390299
6 0 23.8185390299
7 0 23.8185390299
8 0 23.8185390299
9 0 23.8185390299
10 0 23.8185390299
11 0 23.8185390299
12 0 23.8185390299
13 0 23.8185390299
14 0 23.8185390299
15 0 23.8185390299
16 0 23.8185390299
17 0 23.8185390299
18 0 23.8185390299
19 0 23.8185390299
20 0 23.8185390299
21 0 23.8185390299
22 0 23.8185390299
23 0 23.8185390299
24 0 23.8185390299
25 0 23.8185390299
26 0 23.8185390299
27 0 23.8185390299
28 0 23.8185390299
29 0 23.8185390299
30 0 23.8185390299
31 0 23.8185390299
32 0 23.8185390299
33 0 23.8185390299
34 0 23.8185390299
35 0 23.8185390299
36 0 23.8185390299
37 0 23.8185390299
38 0 23.8185390299
39 0 23.8185390299
40 0 23.8185390299
41 0 23.8185390299
42 0 23.8185390299
43 0 23.8185390299
44 0 23.8185390299
45 0 23.8185390299
46 0 23.8185390299
47 0 23.8185390299
48 0 23.8185390299
49 0 23.8185390299
50 0 23.8185390299
51 0 23.8185390299
52 0 23.8185390299
53 0 23.8185390299
54 0 23.8185390299
55 0 23.8185390299
56 0 23.8185390299
57 0 23.8185390299
58 0 23.8185390299
59 0 23.8185390299
60 0 23.8185390299
61 0 23.8185390299
62 0 23.8185390299
63 0 23.8185390299
64 0 23.8185390299
65 0 23.8185390299
66 0 23.8185390299
67 0 23.8185390299
68 0 23.8185390299
69 0 23.8185390299
70 0 23.8185390299
71 0 23.8185390299
72 0 23.8185390299
73 0 23.8185390299
74 0 23.8185390299
75 0 23.8185390299
76 0 23.8185390299
77 0 23.8185390299
78 0 23.8185390299
79 0 23.8185390299
80 0 23.8185390299
81 0 23.8185390299
82 0 23.8185390299
83 0 23.8185390299
84 0 23.8185390299
85 0 23.8185390299
86 0 23.8185390299
87 0 23.8185390299
88 0 23.8185390299
89 0 23.8185390299
90 0 23.8185390299
91 0 23.8185390299
92 0 23.8185390299
93 0 23.8185390299
94 0 23.8185390299
95 0 23.8185390299
96 0 23.8185390299
97 0 23.8185390299
98 0 23.8185390299
99 0 23.8185390299
100 0 23.8185390299
101 1 20.7485315937
102 1 20.7485315937
103 1 20.7485315937
104 1 20.7485315937
105 1 20.7485315937
106 1 20.7485315937
107 1 20.7485315937
108 1 20.7485315937
109 1 20.7485315937
110 1 20.7485315937
111 1 20.7485315937
112 1 20.7485315937
113 1 20.7485315937
114 1 20.7485315937
115 1 20.7485315937
116 1 20.7485315937
117 1 20.7485315937
118 1 20.7485315937
119 1 20.7485315937
120 1 20.7485315937
121 1 20.7485315937
122 1 20.7485315937
123 1 20.7485315937
124 1 20.7485315937
125 1 20.7485315937
126 1 20.7485315937
127 1 20.7485315937
128 1 20.7485315937
129 1 20.7485315937
130 1 20.7485315937
131 1 20.7485315937
132 1 20.7485315937
133 1 20.7485315937
134 1 20.7485315937
135 1 20.7485315937
136 1 20.7485315937
137 1 20.7485315937
138 1 20.7485315937
139 1 20.7485315937
140 1 20.7485315937
141 1 20.7485315937
142 1 20.7485315937
143 1 20.7485315937
144 1 20.7485315937
145 1 20.7485315937
146 1 20.7485315937
147 1 20.7485315937
148 1 20.7485315937
149 1 20.7485315937
150 1 20.7485315937
151 1 20.7485315937
152 1 20.7485315937
153 1 20.7485315937
154 1 20.7485315937
155 1 20.7485315937
156 1 20.7485315937
157 1 20.7485315937
158 1 20.7485315937
159 1 20.7485315937
160 1 20.7485315937
161 1 20.7485315937
162 1 20.7485315937
163 1 20.7485315937
164 1 20.7485315937
165 1 20.7485315937
166 1 20.7485315937
167 1 20.7485315937
168 1 20.7485315937
169 1 20.7485315937
170 1 20.7485315937
171 1 20.7485315937
172 1 20.7485315937
173 1 20.7485315937
174 1 20.7485315937
175 1 20.7485315937
176 1 20.7485315937
177 1 20.7485315937
178 1 20.7485315937
179 1 20.7485315937
180 1 20.7485315937
181 1 20.7485315937
182 1 20.7485315937
183 1 20.7485315937
184 1 20.7485315937
185 1 20.7485315937
186 1 20.7485315937
187 1 20.7485315937
188 1 20.7485315937
189 1 20.7485315937
190 1 20.7485315937
191 1 20.7485315937
192 1 20.7485315937
193 1 20.7485315937
194 1 20.7485315937
195 1 20.7485315937
196 1 20.7485315937
197 1 20.7485315937
198 1 20.7485315937
199 1 20.7485315937
200 1 20.7485315937
201 2 17.7622157544
202 2 17.7622157544
203 2 17.7622157544
204 2 17.7622157544
205 2 17.7622157544
206 2 17.7622157544
207 2 17.7622157544
208 2 17.7622157544
209 2 17.7622157544
210 2 17.7622157544
211 2 17.7622157544
212 2 17.7622157544
213 2 17.7622157544
214 2 17.7622157544
215 2 17.7622157544
216 2 17.7622157544
217 2 17.7622157544
218 2 17.7622157544
219 2 17.7622157544
220 2 17.7622157544
221 2 17.7622157544
222 2 17.7622157544
223 2 17.7622157544
224 2 17.7622157544
225 2 17.7622157544
226 2 17.7622157544
227 2 17.7622157544
228 2 17.7622157544
229 2 17.7622157544
230 2 17.7622157544
231 2 17.7622157544
232 2 17.7622157544
233 2 17.7622157544
234 2 17.7622157544
235 2 17.7622157544
236 2 17.7622157544
237 2 17.7622157544
238 2 17.7622157544
239 2 17.7622157544
240 2 17.7622157544
241 2 17.7622157544
242 2 17.7622157544
243 2 17.7622157544
244 2 17.7622157544
245 2 17.7622157544
246 2 17.7622157544
247 2 17.7622157544
248 2 17.7622157544
249 2 17.7622157544
250 2 17.7622157544
251 2 17.7622157544
252 2 17.7622157544
253 2 17.7622157544
254 2 17.7622157544
255 2 17.7622157544
256 2 17.7622157544
257 2 17.7622157544
258 2 17.7622157544
259 2 17.7622157544
260 2 17.7622157544
261 2 17.7622157544
262 2 17.7622157544
263 2 17.7622157544
264 2 17.7622157544
265 2 17.7622157544
266 2 17.7622157544
267 2 17.7622157544
268 2 17.7622157544
269 2 17.7622157544
270 2 17.7622157544
271 2 17.7622157544
272 2 17.7622157544
273 2 17.7622157544
274 2 17.7622157544
275 2 17.7622157544
276 2 17.7622157544
277 2 17.7622157544
278 2 17.7622157544
279 2 17.7622157544
280 2 17.7622157544
281 2 17.7622157544
282 2 17.7622157544
283 2 17.7622157544
284 2 17.7622157544
285 2 17.7622157544
286 2 17.7622157544
287 2 17.7622157544
288 2 17.7622157544
289 2 17.7622157544
290 2 17.7622157544
291 2 17.7622157544
292 2 17.7622157544
293 2 17.7622157544
294 2 17.7622157544
295 2 17.7622157544
296 2 17.7622157544
297 2 17.7622157544
298 2 17.7622157544
299 2 17.7622157544
300 2 17.7622157544
301 3 19.4843881375
302 3 19.4843881375
303 3 19.4843881375
304 3 19.4843881375
305 3 19.4843881375
306 3 19.4843881375
307 3 19.4843881375
308 3 19.4843881375
309 3 19.4843881375
310 3 19.4843881375
311 3 19.4843881375
312 3 19.4843881375
313 3 19.4843881375
314 3 19.4843881375
315 3 19.4843881375
316 3 19.4843881375
317 3 19.4843881375
318 3 19.4843881375
319 3 19.4843881375
320 3 19.4843881375
321 3 19.4843881375
322 3 19.4843881375
323 3 19.4843881375
324 3 19.4843881375
325 3 19.4843881375
326 3 19.4843881375
327 3 19.4843881375
328 3 19.4843881375
329 3 19.4843881375
330 3 19.4843881375
331 3 19.4843881375
332 3 19.4843881375
333 3 19.4843881375
334 3 19.4843881375
335 3 19.4843881375
336 3 19.4843881375
337 3 19.4843881375
338 3 19.4843881375
339 3 19.4843881375
340 3 19.4843881375
341 3 19.4843881375
342 3 19.4843881375
343 3 19.4843881375
344 3 19.4843881375
345 3 19.4843881375
346 3 19.4843881375
347 3 19.4843881375
348 3 19.4843881375
349 3 19.4843881375
350 3 19.4843881375
351 3 19.4843881375
352 3 19.4843881375
353 3 19.4843881375
354 3 19.4843881375
355 3 19.4843881375
356 3 19.4843881375
357 3 19.4843881375
358 3 19.4843881375
359 3 19.4843881375
360 3 19.4843881375
361 3 19.4843881375
362 3 19.4843881375
363 3 19.4843881375
364 3 19.4843881375
365 3 19.4843881375
366 3 19.4843881375
367 3 19.4843881375
368 3 19.4843881375
369 3 19.4843881375
370 3 19.4843881375
371 3 19.4843881375
372 3 19.4843881375
373 3 19.4843881375
374 3 19.4843881375
375 3 19.4843881375
376 3 19.4843881375
377 3 19.4843881375
378 3 19.4843881375
379 3 19.4843881375
380 3 19.4843881375
381 3 19.4843881375
382 3 19.4843881375
383 3 19.4843881375
384 3 19.4843881375
385 3 19.4843881375
386 3 19.4843881375
387 3 19.4843881375
388 3 19.4843881375
389 3 19.4843881375
390 3 19.4843881375
391 3 19.4843881375
392 3 19.4843881375
393 3 19.4843881375
394 3 19.4843881375
395 3 19.4843881375
396 3 19.4843881375
397 3 19.4843881375
398 3 19.4843881375
399 3 19.4843881375
400 3 19.4843881375
401 4 20.0077457385
402 4 20.0077457385
403 4 20.0077457385
404 4 20.0077457385
405 4 20.0077457385
406 4 20.0077457385
407 4 20.0077457385
408 4 20.0077457385
409 4 20.0077457385
410 4 20.0077457385
411 4 20.0077457385
412 4 20.0077457385
413 4 20.0077457385
414 4 20.0077457385
415 4 20.0077457385
416 4 20.0077457385
417 4 20.0077457385
418 4 20.0077457385
419 4 20.0077457385
420 4 20.0077457385
421 4 20.0077457385
422 4 20.0077457385
423 4 20.0077457385
424 4 20.0077457385
425 4 20.0077457385
426 4 20.0077457385
427 4 20.0077457385
428 4 20.0077457385
429 4 20.0077457385
430 4 20.0077457385
431 4 20.0077457385
432 4 20.0077457385
433 4 20.0077457385
434 4 20.0077457385
435 4 20.0077457385
436 4 20.0077457385
437 4 20.0077457385
438 4 20.0077457385
439 4 20.0077457385
440 4 20.0077457385
441 4 20.0077457385
442 4 20.0077457385
443 4 20.0077457385
444 4 20.0077457385
445 4 20.0077457385
446 4 20.0077457385
447 4 20.0077457385
448 4 20.0077457385
449 4 20.0077457385
450 4 20.0077457385
451 4 20.0077457385
452 4 20.0077457385
453 4 20.0077457385
454 4 20.0077457385
455 4 20.0077457385
456 4 20.0077457385
457 4 20.0077457385
458 4 20.0077457385
459 4 20.0077457385
460 4 20.0077457385
461 4 20.0077457385
462 4 20.0077457385
463 4 20.0077457385
464 4 20.0077457385
465 4 20.0077457385
466 4 20.0077457385
467 4 20.0077457385
468 4 20.0077457385
469 4 20.0077457385
470 4 20.0077457385
471 4 20.0077457385
472 4 20.0077457385
473 4 20.0077457385
474 4 20.0077457385
475 4 20.0077457385
476 4 20.0077457385
477 4 20.0077457385
478 4 20.0077457385
479 4 20.0077457385
480 4 20.0077457385
481 4 20.0077457385
482 4 20.0077457385
483 4 20.0077457385
484 4 20.0077457385
485 4 20.0077457385
486 4 20.0077457385
487 4 20.0077457385
488 4 20.0077457385
489 4 20.0077457385
490 4 20.0077457385
491 4 20.0077457385
492 4 20.0077457385
493 4 20.0077457385
494 4 20.0077457385
495 4 20.0077457385
496 4 20.0077457385
497 4 20.0077457385
498 4 20.0077457385
499 4 20.0077457385
500 4 20.0077457385
501 5 21.8195109807
502 5 21.8195109807
503 5 21.8195109807
504 5 21.8195109807
505 5 21.8195109807
506 5 21.8195109807
507 5 21.8195109807
508 5 21.8195109807
509 5 21.8195109807
510 5 21.8195109807
511 5 21.8195109807
512 5 21.8195109807
513 5 21.8195109807
514 5 21.8195109807
515 5 21.8195109807
516 5 21.8195109807
517 5 21.8195109807
518 5 21.8195109807
519 5 21.8195109807
520 5 21.8195109807
521 5 21.8195109807
522 5 21.8195109807
523 5 21.8195109807
524 5 21.8195109807
525 5 21.8195109807
526 5 21.8195109807
527 5 21.8195109807
528 5 21.8195109807
529 5 21.8195109807
530 5 21.8195109807
531 5 21.8195109807
532 5 21.8195109807
533 5 21.8195109807
534 5 21.8195109807
535 5 21.8195109807
536 5 21.8195109807
537 5 21.8195109807
538 5 21.8195109807
539 5 21.8195109807
540 5 21.8195109807
541 5 21.8195109807
542 5 21.8195109807
543 5 21.8195109807
544 5 21.8195109807
545 5 21.8195109807
546 5 21.8195109807
547 5 21.8195109807
548 5 21.8195109807
549 5 21.8195109807
550 5 21.8195109807
551 5 21.8195109807
552 5 21.8195109807
553 5 21.8195109807
554 5 21.8195109807
555 5 21.8195109807
556 5 21.8195109807
557 5 21.8195109807
558 5 21.8195109807
559 5 21.8195109807
560 5 21.8195109807
561 5 21.8195109807
562 5 21.8195109807
563 5 21.8195109807
564 5 21.8195109807
565 5 21.8195109807
566 5 21.8195109807
567 5 21.8195109807
568 5 21.8195109807
569 5 21.8195109807
570 5 21.8195109807
571 5 21.8195109807
572 5 21.8195109807
573 5 21.8195109807
574 5 21.8195109807
575 5 21.8195109807
576 5 21.8195109807
577 5 21.8195109807
578 5 21.8195109807
579 5 21.8195109807
580 5 21.8195109807
581 5 21.8195109807
582 5 21.8195109807
583 5 21.8195109807
584 5 21.8195109807
585 5 21.8195109807
586 5 21.8195109807
587 5 21.8195109807
588 5 21.8195109807
589 5 21.8195109807
590 5 21.8195109807
591 5 21.8195109807
592 5 21.8195109807
593 5 21.8195109807
594 5 21.8195109807
595 5 21.8195109807
596 5 21.8195109807
597 5 21.8195109807
598 5 21.8195109807
599 5 21.8195109807
600 5 21.8195109807
601 6 19.016364349
602 6 19.016364349
603 6 19.016364349
604 6 19.016364349
605 6 19.016364349
606 6 19.016364349
607 6 19.016364349
608 6 19.016364349
609 6 19.016364349
610 6 19.016364349
611 6 19.016364349
612 6 19.016364349
613 6 19.016364349
614 6 19.016364349
615 6 19.016364349
616 6 19.016364349
617 6 19.016364349
618 6 19.016364349
619 6 19.016364349
620 6 19.016364349
621 6 19.016364349
622 6 19.016364349
623 6 19.016364349
624 6 19.016364349
625 6 19.016364349
626 6 19.016364349
627 6 19.016364349
628 6 19.016364349
629 6 19.016364349
630 6 19.016364349
631 6 19.016364349
632 6 19.016364349
633 6 19.016364349
634 6 19.016364349
635 6 19.016364349
636 6 19.016364349
637 6 19.016364349
638 6 19.016364349
639 6 19.016364349
640 6 19.016364349
641 6 19.016364349
642 6 19.016364349
643 6 19.016364349
644 6 19.016364349
645 6 19.016364349
646 6 19.016364349
647 6 19.016364349
648 6 19.016364349
649 6 19.016364349
650 6 19.016364349
651 6 19.016364349
652 6 19.016364349
653 6 19.016364349
654 6 19.016364349
655 6 19.016364349
656 6 19.016364349
657 6 19.016364349
658 6 19.016364349
659 6 19.016364349
660 6 19.016364349
661 6 19.016364349
662 6 19.016364349
663 6 19.016364349
664 6 19.016364349
665 6 19.016364349
666 6 19.016364349
667 6 19.016364349
668 6 19.016364349
669 6 19.016364349
670 6 19.016364349
671 6 19.016364349
672 6 19.016364349
673 6 19.016364349
674 6 19.016364349
675 6 19.016364349
676 6 19.016364349
677 6 19.016364349
678 6 19.016364349
679 6 19.016364349
680 6 19.016364349
681 6 19.016364349
682 6 19.016364349
683 6 19.016364349
684 6 19.016364349
685 6 19.016364349
686 6 19.016364349
687 6 19.016364349
688 6 19.016364349
689 6 19.016364349
690 6 19.016364349
691 6 19.016364349
692 6 19.016364349
693 6 19.016364349
694 6 19.016364349
695 6 19.016364349
696 6 19.016364349
697 6 19.016364349
698 6 19.016364349
699 6 19.016364349
700 6 19.016364349
701 7 16.459762782
702 7 16.459762782
703 7 16.459762782
704 7 16.459762782
705 7 16.459762782
706 7 16.459762782
707 7 16.459762782
708 7 16.459762782
709 7 16.459762782
710 7 16.459762782
711 7 16.459762782
712 7 16.459762782
713 7 16.459762782
714 7 16.459762782
715 7 16.459762782
716 7 16.459762782
717 7 16.459762782
718 7 16.459762782
719 7 16.459762782
720 7 16.459762782
721 7 16.459762782
722 7 16.459762782
723 7 16.459762782
724 7 16.459762782
725 7 16.459762782
726 7 16.459762782
727 7 16.459762782
728 7 16.459762782
729 7 16.459762782
730 7 16.459762782
731 7 16.459762782
732 7 16.459762782
733 7 16.459762782
734 7 16.459762782
735 7 16.459762782
736 7 16.459762782
737 7 16.459762782
738 7 16.459762782
739 7 16.459762782
740 7 16.459762782
741 7 16.459762782
742 7 16.459762782
743 7 16.459762782
744 7 16.459762782
745 7 16.459762782
746 7 16.459762782
747 7 16.459762782
748 7 16.459762782
749 7 16.459762782
750 7 16.459762782
751 8 12.4171080249
752 8 12.4171080249
753 8 12.4171080249
754 8 12.4171080249
755 8 12.4171080249
756 8 12.4171080249
757 8 12.4171080249
758 8 12.4171080249
759 8 12.4171080249
760 8 12.4171080249
761 8 12.4171080249
762 8 12.4171080249
763 8 12.4171080249
764 8 12.4171080249
765 8 12.4171080249
766 8 12.4171080249
767 8 12.4171080249
768 8 12.4171080249
769 8 12.4171080249
770 8 12.4171080249
771 8 12.4171080249
772 8 12.4171080249
773 8 12.4171080249
774 8 12.4171080249
775 8 12.4171080249
776 9 9.09076438756
777 9 9.09076438756
778 9 9.09076438756
779 9 9.09076438756
780 9 9.09076438756
781 9 9.09076438756
782 9 9.09076438756
783 9 9.09076438756
784 9 9.09076438756
785 9 9.09076438756
786 9 9.09076438756
787 9 9.09076438756
788 9 9.09076438756
789 9 9.09076438756
790 9 9.09076438756
791 9 9.09076438756
792 9 9.09076438756
793 9 9.09076438756
794 9 9.09076438756
795 9 9.09076438756
796 9 9.09076438756
797 9 9.09076438756
798 9 9.09076438756
799 9 9.09076438756
800 9 9.09076438756
801 10 8.35549856267
802 10 8.35549856267
803 10 8.35549856267
804 10 8.35549856267
805 10 8.35549856267
806 10 8.35549856267
807 10 8.35549856267
808 10 8.35549856267
809 10 8.35549856267
810 10 8.35549856267
811 10 8.35549856267
812 10 8.35549856267
813 10 8.35549856267
814 10 8.35549856267
815 10 8.35549856267
816 10 8.35549856267
817 10 8.35549856267
818 10 8.35549856267
819 10 8.35549856267
820 10 8.35549856267
821 10 8.35549856267
822 10 8.35549856267
823 10 8.35549856267
824 10 8.35549856267
825 10 8.35549856267
826 11 7.22126091236
827 11 7.22126091236
828 11 7.22126091236
829 11 7.22126091236
830 11 7.22126091236
831 11 7.22126091236
832 11 7.22126091236
833 11 7.22126091236
834 11 7.22126091236
835 11 7.22126091236
836 11 7.22126091236
837 11 7.22126091236
838 11 7.22126091236
839 11 7.22126091236
840 11 7.22126091236
841 11 7.22126091236
842 11 7.22126091236
843 11 7.22126091236
844 11 7.22126091236
845 11 7.22126091236
846 11 7.22126091236
847 11 7.22126091236
848 11 7.22126091236
849 11 7.22126091236
850 11 7.22126091236
851 12 7.66447025604
852 12 7.66447025604
853 12 7.66447025604
854 12 7.66447025604
855 12 7.66447025604
856 12 7.66447025604
857 12 7.66447025604
858 12 7.66447025604
859 12 7.66447025604
860 12 7.66447025604
861 12 7.66447025604
862 12 7.66447025604
863 12 7.66447025604
864 12 7.66447025604
865 12 7.66447025604
866 12 7.66447025604
867 12 7.66447025604
868 12 7.66447025604
869 12 7.66447025604
870 12 7.66447025604
871 12 7.66447025604
872 12 7.66447025604
873 12 7.66447025604
874 12 7.66447025604
875 12 7.66447025604
876 13 8.13335728135
877 13 8.13335728135
878 13 8.13335728135
879 13 8.13335728135
880 13 8.13335728135
881 13 8.13335728135
882 13 8.13335728135
883 13 8.13335728135
884 13 8.13335728135
885 13 8.13335728135
886 13 8.13335728135
887 13 8.13335728135
888 13 8.13335728135
889 13 8.13335728135
890 13 8.13335728135
891 13 8.13335728135
892 13 8.13335728135
893 13 8.13335728135
894 13 8.13335728135
895 13 8.13335728135
896 13 8.13335728135
897 13 8.13335728135
898 13 8.13335728135
899 13 8.13335728135
900 13 8.13335728135
901 14 6.02742029419
902 14 6.02742029419
903 14 6.02742029419
904 14 6.02742029419
905 14 6.02742029419
906 14 6.02742029419
907 14 6.02742029419
908 14 6.02742029419
909 14 6.02742029419
910 14 6.02742029419
911 14 6.02742029419
912 14 6.02742029419
913 14 6.02742029419
914 14 6.02742029419
915 14 6.02742029419
916 14 6.02742029419
917 14 6.02742029419
918 14 6.02742029419
919 14 6.02742029419
920 14 6.02742029419
921 14 6.02742029419
922 14 6.02742029419
923 14 6.02742029419
924 14 6.02742029419
925 14 6.02742029419
926 15 4.89373742411
927 15 4.89373742411
928 15 4.89373742411
929 15 4.89373742411
930 15 4.89373742411
931 15 4.89373742411
932 15 4.89373742411
933 15 4.89373742411
934 15 4.89373742411
935 15 4.89373742411
936 15 4.89373742411
937 15 4.89373742411
938 15 4.89373742411
939 15 4.89373742411
940 15 4.89373742411
941 15 4.89373742411
942 15 4.89373742411
943 15 4.89373742411
944 15 4.89373742411
945 15 4.89373742411
946 15 4.89373742411
947 15 4.89373742411
948 15 4.89373742411
949 15 4.89373742411
950 15 4.89373742411
951 16 4.14749130163
952 16 4.14749130163
953 16 4.14749130163
954 16 4.14749130163
955 16 4.14749130163
956 16 4.14749130163
957 16 4.14749130163
958 16 4.14749130163
959 16 4.14749130163
960 16 4.14749130163
961 16 4.14749130163
962 16 4.14749130163
963 16 4.14749130163
964 16 4.14749130163
965 16 4.14749130163
966 17 4.63708217419
967 18 4.57419886275
968 19 4.72729276283
969 20 4.41475915817
970 21 4.46733082761
971 22 4.75212162091
972 23 4.87611145912
973 24 5.08659927718
974 25 5.35966462122
975 26 5.47776695566
976 27 5.40028581514
977 28 5.79199549321
978 29 5.85223981964
979 30 5.61779482356
980 31 5.81501012581
981 32 6.15725237956
982 33 6.02050855761
983 34 6.22108019338
984 35 6.03868819426
985 36 6.06549598828
986 37 5.91577313435
987 38 5.61537733029
988 39 5.45298933052
989 40 5.47317179051
990 41 5.32180264333
991 42 5.1957650213
992 43 4.98498615591
993 44 4.83899923249
994 45 4.63008029809
995 46 4.43783909369
996 47 4.26738381332
997 48 4.1417981816
998 49 4.32633465805
999 50 4.0240854138
1000 51 3.73807948867
1001 52 3.86432594401
1002 53 4.03706229208
1003 54 4.03980865509
1004 55 4.32501629102
1005 56 4.40882396108
1006 57 4.49855894577
1007 58 4.7027905922
1008 59 5.007673589
1009 60 4.8903804719
1010 61 5.06130854661
1011 62 5.07168750503
1012 63 5.29692552449
1013 64 5.1510234662
1014 65 4.9191970629
1015 66 4.99122377289
1016 67 5.05142134886
1017 68 4.87080137121
1018 69 4.5264067602
1019 70 4.47064906377
1020 71 4.44066478711
1021 72 4.09969354511
1022 73 4.05985373134
1023 74 4.04931681484
1024 75 3.94418130632
1025 76 3.71858888207
1026 77 3.59692244301
1027 78 3.35313364845
1028 79 3.23503900394
1029 80 3.11326227926
1030 81 3.09914225959
1031 82 3.35210153999
1032 83 3.33143327724
1033 84 3.60326232369
1034 85 3.70166426385
1035 86 3.49122654559
1036 87 3.28332821395
1037 88 3.49430735797
1038 89 3.70296302423
1039 90 4.08126743533
1040 91 4.02007035971
1041 92 4.27456991516
1042 93 4.3724423418
1043 94 4.30489160432
1044 95 4.59173516031
1045 96 4.7090379222
1046 97 4.74336308348
1047 98 4.42524947715
1048 99 4.18436583568
1049 100 4.26616937824
1050 101 4.10533994555
1051 102 4.04569939582
1052 103 3.93744387408
1053 104 3.71486371885
1054 105 3.71924941294
1055 106 3.48910084835
1056 107 3.58581071072
1057 108 3.39692982886
1058 109 3.12469589874
1059 110 3.094554514
1060 111 2.84741356237
1061 112 2.71175274392
1062 113 2.69129894454
1063 114 2.4224232181
1064 115 2.49227945225
1065 116 2.67390646435
1066 117 2.60355675711
1067 118 2.90904090511
1068 119 3.04506631596
1069 120 3.11016109027
1070 121 3.39320890762
1071 122 3.45678183532
1072 123 3.50670359009
1073 124 3.44191250188
1074 125 3.19265533291
1075 126 3.02171460408
1076 127 2.86430470356
1077 128 3.08807242425
1078 129 3.1263987873
1079 130 2.86945001284
1080 131 2.84816837118
1081 132 3.06620332242
1082 133 2.97788295015
1083 134 2.7333948673
1084 135 2.89455092345
1085 136 3.04116894287
1086 137 2.81300478705
1087 138 2.77775133707
1088 139 2.89491162925
1089 140 3.02129575205
1090 141 3.09600588336
1091 142 3.28252163332
1092 143 3.31500228791
1093 144 3.6229078303
1094 145 3.61902641052
1095 146 3.48810159211
1096 147 3.67591349539
1097 148 3.54540651151
1098 149 3.7455567672
1099 150 3.78853200982
1100 151 3.47318095909
1101 152 3.60034074137
1102 153 3.41873560445
1103 154 3.58856339943
1104 155 3.48238565909
1105 156 3.62705512116
1106 157 3.54990247046
1107 158 3.76706621766
1108 159 3.81096484711
1109 160 3.78855430183
1110 161 3.72470938183
1111 162 3.40091827814
1112 163 3.3023375238
1113 163 3.3023375238
