1 0 20.2677514373
2 0 20.2677514373
3 0 20.2677514373
4 0 20.2677514373
5 0 20.2677514373
6 0 20.2677514373
7 0 20.2677514373
8 0 20.2677514373
9 0 20.2677514373
10 0 20.2677514373
11 0 20.2677514373
12 0 20.2677514373
13 0 20.2677514373
14 0 20.2677514373
15 0 20.2677514373
16 0 20.2677514373
17 0 20.2677514373
18 0 20.2677514373
19 0 20.2677514373
20 0 20.2677514373
21 0 20.2677514373
22 0 20.2677514373
23 0 20.2677514373
24 0 20.2677514373
25 0 20.2677514373
26 0 20.2677514373
27 0 20.2677514373
28 0 20.2677514373
29 0 20.2677514373
30 0 20.2677514373
31 0 20.2677514373
32 0 20.2677514373
33 0 20.2677514373
34 0 20.2677514373
35 0 20.2677514373
36 0 20.2677514373
37 0 20.2677514373
38 0 20.2677514373
39 0 20.2677514373
40 0 20.2677514373
41 0 20.2677514373
42 0 20.2677514373
43 0 20.2677514373
44 0 20.2677514373
45 0 20.2677514373
46 0 20.2677514373
47 0 20.2677514373
48 0 20.2677514373
49 0 20.2677514373
50 0 20.2677514373
51 0 20.2677514373
52 0 20.2677514373
53 0 20.2677514373
54 0 20.2677514373
55 0 20.2677514373
56 0 20.2677514373
57 0 20.2677514373
58 0 20.2677514373
59 0 20.2677514373
60 0 20.2677514373
61 0 20.2677514373
62 0 20.2677514373
63 0 20.2677514373
64 0 20.2677514373
65 0 20.2677514373
66 0 20.2677514373
67 0 20.2677514373
68 0 20.2677514373
69 0 20.2677514373
70 0 20.2677514373
71 0 20.2677514373
72 0 20.2677514373
73 0 20.2677514373
74 0 20.2677514373
75 0 20.2677514373
76 0 20.2677514373
77 0 20.2677514373
78 0 20.2677514373
79 0 20.2677514373
80 0 20.2677514373
81 0 20.2677514373
82 0 20.2677514373
83 0 20.2677514373
84 0 20.2677514373
85 0 20.2677514373
86 0 20.2677514373
87 0 20.2677514373
88 0 20.2677514373
89 0 20.2677514373
90 0 20.2677514373
91 0 20.2677514373
92 0 20.2677514373
93 0 20.2677514373
94 0 20.2677514373
95 0 20.2677514373
96 0 20.2677514373
97 0 20.2677514373
98 0 20.2677514373
99 0 20.2677514373
100 0 20.2677514373
101 1 14.9375200759
102 1 14.9375200759
103 1 14.9375200759
104 1 14.9375200759
105 1 14.9375200759
106 1 14.9375200759
107 1 14.9375200759
108 1 14.9375200759
109 1 14.9375200759
110 1 14.9375200759
111 1 14.9375200759
112 1 14.9375200759
113 1 14.9375200759
114 1 14.9375200759
115 1 14.9375200759
116 1 14.9375200759
117 1 14.9375200759
118 1 14.9375200759
119 1 14.9375200759
120 1 14.9375200759
121 1 14.9375200759
122 1 14.9375200759
123 1 14.9375200759
124 1 14.9375200759
125 1 14.9375200759
126 1 14.9375200759
127 1 14.9375200759
128 1 14.9375200759
129 1 14.9375200759
130 1 14.9375200759
131 1 14.9375200759
132 1 14.9375200759
133 1 14.9375200759
134 1 14.9375200759
135 1 14.9375200759
136 1 14.9375200759
137 1 14.9375200759
138 1 14.9375200759
139 1 14.9375200759
140 1 14.9375200759
141 1 14.9375200759
142 1 14.9375200759
143 1 14.9375200759
144 1 14.9375200759
145 1 14.9375200759
146 1 14.9375200759
147 1 14.9375200759
148 1 14.9375200759
149 1 14.9375200759
150 1 14.9375200759
151 1 14.9375200759
152 1 14.9375200759
153 1 14.9375200759
154 1 14.9375200759
155 1 14.9375200759
156 1 14.9375200759
157 1 14.9375200759
158 1 14.9375200759
159 1 14.9375200759
160 1 14.9375200759
161 1 14.9375200759
162 1 14.9375200759
163 1 14.9375200759
164 1 14.9375200759
165 1 14.9375200759
166 1 14.9375200759
167 1 14.9375200759
168 1 14.9375200759
169 1 14.9375200759
170 1 14.9375200759
171 1 14.9375200759
172 1 14.9375200759
173 1 14.9375200759
174 1 14.9375200759
175 1 14.9375200759
176 1 14.9375200759
177 1 14.9375200759
178 1 14.9375200759
179 1 14.9375200759
180 1 14.9375200759
181 1 14.9375200759
182 1 14.9375200759
183 1 14.9375200759
184 1 14.9375200759
185 1 14.9375200759
186 1 14.9375200759
187 1 14.9375200759
188 1 14.9375200759
189 1 14.9375200759
190 1 14.9375200759
191 1 14.9375200759
192 1 14.9375200759
193 1 14.9375200759
194 1 14.9375200759
195 1 14.9375200759
196 1 14.9375200759
197 1 14.9375200759
198 1 14.9375200759
199 1 14.9375200759
200 1 14.9375200759
201 2 16.0953096214
202 2 16.0953096214
203 2 16.0953096214
204 2 16.0953096214
205 2 16.0953096214
206 2 16.0953096214
207 2 16.0953096214
208 2 16.0953096214
209 2 16.0953096214
210 2 16.0953096214
211 2 16.0953096214
212 2 16.0953096214
213 2 16.0953096214
214 2 16.0953096214
215 2 16.0953096214
216 2 16.0953096214
217 2 16.0953096214
218 2 16.0953096214
219 2 16.0953096214
220 2 16.0953096214
221 2 16.0953096214
222 2 16.0953096214
223 2 16.0953096214
224 2 16.0953096214
225 2 16.0953096214
226 2 16.0953096214
227 2 16.0953096214
228 2 16.0953096214
229 2 16.0953096214
230 2 16.0953096214
231 2 16.0953096214
232 2 16.0953096214
233 2 16.0953096214
234 2 16.0953096214
235 2 16.0953096214
236 2 16.0953096214
237 2 16.0953096214
238 2 16.0953096214
239 2 16.0953096214
240 2 16.0953096214
241 2 16.0953096214
242 2 16.0953096214
243 2 16.0953096214
244 2 16.0953096214
245 2 16.0953096214
246 2 16.0953096214
247 2 16.0953096214
248 2 16.0953096214
249 2 16.0953096214
250 2 16.0953096214
251 2 16.0953096214
252 2 16.0953096214
253 2 16.0953096214
254 2 16.0953096214
255 2 16.0953096214
256 2 16.0953096214
257 2 16.0953096214
258 2 16.0953096214
259 2 16.0953096214
260 2 16.0953096214
261 2 16.0953096214
262 2 16.0953096214
263 2 16.0953096214
264 2 16.0953096214
265 2 16.0953096214
266 2 16.0953096214
267 2 16.0953096214
268 2 16.0953096214
269 2 16.0953096214
270 2 16.0953096214
271 2 16.0953096214
272 2 16.0953096214
273 2 16.0953096214
274 2 16.0953096214
275 2 16.0953096214
276 2 16.0953096214
277 2 16.0953096214
278 2 16.0953096214
279 2 16.0953096214
280 2 16.0953096214
281 2 16.0953096214
282 2 16.0953096214
283 2 16.0953096214
284 2 16.0953096214
285 2 16.0953096214
286 2 16.0953096214
287 2 16.0953096214
288 2 16.0953096214
289 2 16.0953096214
290 2 16.0953096214
291 2 16.0953096214
292 2 16.0953096214
293 2 16.0953096214
294 2 16.0953096214
295 2 16.0953096214
296 2 16.0953096214
297 2 16.0953096214
298 2 16.0953096214
299 2 16.0953096214
300 2 16.0953096214
301 3 17.7101916964
302 3 17.7101916964
303 3 17.7101916964
304 3 17.7101916964
305 3 17.7101916964
306 3 17.7101916964
307 3 17.7101916964
308 3 17.7101916964
309 3 17.7101916964
310 3 17.7101916964
311 3 17.7101916964
312 3 17.7101916964
313 3 17.7101916964
314 3 17.7101916964
315 3 17.7101916964
316 3 17.7101916964
317 3 17.7101916964
318 3 17.7101916964
319 3 17.7101916964
320 3 17.7101916964
321 3 17.7101916964
322 3 17.7101916964
323 3 17.7101916964
324 3 17.7101916964
325 3 17.7101916964
326 3 17.7101916964
327 3 17.7101916964
328 3 17.7101916964
329 3 17.7101916964
330 3 17.7101916964
331 3 17.7101916964
332 3 17.7101916964
333 3 17.7101916964
334 3 17.7101916964
335 3 17.7101916964
336 3 17.7101916964
337 3 17.7101916964
338 3 17.7101916964
339 3 17.7101916964
340 3 17.7101916964
341 3 17.7101916964
342 3 17.7101916964
343 3 17.7101916964
344 3 17.7101916964
345 3 17.7101916964
346 3 17.7101916964
347 3 17.7101916964
348 3 17.7101916964
349 3 17.7101916964
350 3 17.7101916964
351 3 17.7101916964
352 3 17.7101916964
353 3 17.7101916964
354 3 17.7101916964
355 3 17.7101916964
356 3 17.7101916964
357 3 17.7101916964
358 3 17.7101916964
359 3 17.7101916964
360 3 17.7101916964
361 3 17.7101916964
362 3 17.7101916964
363 3 17.7101916964
364 3 17.7101916964
365 3 17.7101916964
366 3 17.7101916964
367 3 17.7101916964
368 3 17.7101916964
369 3 17.7101916964
370 3 17.7101916964
371 3 17.7101916964
372 3 17.7101916964
373 3 17.7101916964
374 3 17.7101916964
375 3 17.7101916964
376 3 17.7101916964
377 3 17.7101916964
378 3 17.7101916964
379 3 17.7101916964
380 3 17.7101916964
381 3 17.7101916964
382 3 17.7101916964
383 3 17.7101916964
384 3 17.7101916964
385 3 17.7101916964
386 3 17.7101916964
387 3 17.7101916964
388 3 17.7101916964
389 3 17.7101916964
390 3 17.7101916964
391 3 17.7101916964
392 3 17.7101916964
393 3 17.7101916964
394 3 17.7101916964
395 3 17.7101916964
396 3 17.7101916964
397 3 17.7101916964
398 3 17.7101916964
399 3 17.7101916964
400 3 17.7101916964
401 4 14.5237288652
402 4 14.5237288652
403 4 14.5237288652
404 4 14.5237288652
405 4 14.5237288652
406 4 14.5237288652
407 4 14.5237288652
408 4 14.5237288652
409 4 14.5237288652
410 4 14.5237288652
411 4 14.5237288652
412 4 14.5237288652
413 4 14.5237288652
414 4 14.5237288652
415 4 14.5237288652
416 4 14.5237288652
417 4 14.5237288652
418 4 14.5237288652
419 4 14.5237288652
420 4 14.5237288652
421 4 14.5237288652
422 4 14.5237288652
423 4 14.5237288652
424 4 14.5237288652
425 4 14.5237288652
426 4 14.5237288652
427 4 14.5237288652
428 4 14.5237288652
429 4 14.5237288652
430 4 14.5237288652
431 4 14.5237288652
432 4 14.5237288652
433 4 14.5237288652
434 4 14.5237288652
435 4 14.5237288652
436 4 14.5237288652
437 4 14.5237288652
438 4 14.5237288652
439 4 14.5237288652
440 4 14.5237288652
441 4 14.5237288652
442 4 14.5237288652
443 4 14.5237288652
444 4 14.5237288652
445 4 14.5237288652
446 4 14.5237288652
447 4 14.5237288652
448 4 14.5237288652
449 4 14.5237288652
450 4 14.5237288652
451 4 14.5237288652
452 4 14.5237288652
453 4 14.5237288652
454 4 14.5237288652
455 4 14.5237288652
456 4 14.5237288652
457 4 14.5237288652
458 4 14.5237288652
459 4 14.5237288652
460 4 14.5237288652
461 4 14.5237288652
462 4 14.5237288652
463 4 14.5237288652
464 4 14.5237288652
465 4 14.5237288652
466 4 14.5237288652
467 4 14.5237288652
468 4 14.5237288652
469 4 14.5237288652
470 4 14.5237288652
471 4 14.5237288652
472 4 14.5237288652
473 4 14.5237288652
474 4 14.5237288652
475 4 14.5237288652
476 4 14.5237288652
477 4 14.5237288652
478 4 14.5237288652
479 4 14.5237288652
480 4 14.5237288652
481 4 14.5237288652
482 4 14.5237288652
483 4 14.5237288652
484 4 14.5237288652
485 4 14.5237288652
486 4 14.5237288652
487 4 14.5237288652
488 4 14.5237288652
489 4 14.5237288652
490 4 14.5237288652
491 4 14.5237288652
492 4 14.5237288652
493 4 14.5237288652
494 4 14.5237288652
495 4 14.5237288652
496 4 14.5237288652
497 4 14.5237288652
498 4 14.5237288652
499 4 14.5237288652
500 4 14.5237288652
501 5 17.8728788764
502 5 17.8728788764
503 5 17.8728788764
504 5 17.8728788764
505 5 17.8728788764
506 5 17.8728788764
507 5 17.8728788764
508 5 17.8728788764
509 5 17.8728788764
510 5 17.8728788764
511 5 17.8728788764
512 5 17.8728788764
513 5 17.8728788764
514 5 17.8728788764
515 5 17.8728788764
516 5 17.8728788764
517 5 17.8728788764
518 5 17.8728788764
519 5 17.8728788764
520 5 17.8728788764
521 5 17.8728788764
522 5 17.8728788764
523 5 17.8728788764
524 5 17.8728788764
525 5 17.8728788764
526 5 17.8728788764
527 5 17.8728788764
528 5 17.8728788764
529 5 17.8728788764
530 5 17.8728788764
531 5 17.8728788764
532 5 17.8728788764
533 5 17.8728788764
534 5 17.8728788764
535 5 17.8728788764
536 5 17.8728788764
537 5 17.8728788764
538 5 17.8728788764
539 5 17.8728788764
540 5 17.8728788764
541 5 17.8728788764
542 5 17.8728788764
543 5 17.8728788764
544 5 17.8728788764
545 5 17.8728788764
546 5 17.8728788764
547 5 17.8728788764
548 5 17.8728788764
549 5 17.8728788764
550 5 17.8728788764
551 5 17.8728788764
552 5 17.8728788764
553 5 17.8728788764
554 5 17.8728788764
555 5 17.8728788764
556 5 17.8728788764
557 5 17.8728788764
558 5 17.8728788764
559 5 17.8728788764
560 5 17.8728788764
561 5 17.8728788764
562 5 17.8728788764
563 5 17.8728788764
564 5 17.8728788764
565 5 17.8728788764
566 5 17.8728788764
567 5 17.8728788764
568 5 17.8728788764
569 5 17.8728788764
570 5 17.8728788764
571 5 17.8728788764
572 5 17.8728788764
573 5 17.8728788764
574 5 17.8728788764
575 5 17.8728788764
576 5 17.8728788764
577 5 17.8728788764
578 5 17.8728788764
579 5 17.8728788764
580 5 17.8728788764
581 5 17.8728788764
582 5 17.8728788764
583 5 17.8728788764
584 5 17.8728788764
585 5 17.8728788764
586 5 17.8728788764
587 5 17.8728788764
588 5 17.8728788764
589 5 17.8728788764
590 5 17.8728788764
591 5 17.8728788764
592 5 17.8728788764
593 5 17.8728788764
594 5 17.8728788764
595 5 17.8728788764
596 5 17.8728788764
597 5 17.8728788764
598 5 17.8728788764
599 5 17.8728788764
600 5 17.8728788764
601 6 16.1969760372
602 6 16.1969760372
603 6 16.1969760372
604 6 16.1969760372
605 6 16.1969760372
606 6 16.1969760372
607 6 16.1969760372
608 6 16.1969760372
609 6 16.1969760372
610 6 16.1969760372
611 6 16.1969760372
612 6 16.1969760372
613 6 16.1969760372
614 6 16.1969760372
615 6 16.1969760372
616 6 16.1969760372
617 6 16.1969760372
618 6 16.1969760372
619 6 16.1969760372
620 6 16.1969760372
621 6 16.1969760372
622 6 16.1969760372
623 6 16.1969760372
624 6 16.1969760372
625 6 16.1969760372
626 6 16.1969760372
627 6 16.1969760372
628 6 16.1969760372
629 6 16.1969760372
630 6 16.1969760372
631 6 16.1969760372
632 6 16.1969760372
633 6 16.1969760372
634 6 16.1969760372
635 6 16.1969760372
636 6 16.1969760372
637 6 16.1969760372
638 6 16.1969760372
639 6 16.1969760372
640 6 16.1969760372
641 6 16.1969760372
642 6 16.1969760372
643 6 16.1969760372
644 6 16.1969760372
645 6 16.1969760372
646 6 16.1969760372
647 6 16.1969760372
648 6 16.1969760372
649 6 16.1969760372
650 6 16.1969760372
651 6 16.1969760372
652 6 16.1969760372
653 6 16.1969760372
654 6 16.1969760372
655 6 16.1969760372
656 6 16.1969760372
657 6 16.1969760372
658 6 16.1969760372
659 6 16.1969760372
660 6 16.1969760372
661 6 16.1969760372
662 6 16.1969760372
663 6 16.1969760372
664 6 16.1969760372
665 6 16.1969760372
666 6 16.1969760372
667 6 16.1969760372
668 6 16.1969760372
669 6 16.1969760372
670 6 16.1969760372
671 6 16.1969760372
672 6 16.1969760372
673 6 16.1969760372
674 6 16.1969760372
675 6 16.1969760372
676 6 16.1969760372
677 6 16.1969760372
678 6 16.1969760372
679 6 16.1969760372
680 6 16.1969760372
681 6 16.1969760372
682 6 16.1969760372
683 6 16.1969760372
684 6 16.1969760372
685 6 16.1969760372
686 6 16.1969760372
687 6 16.1969760372
688 6 16.1969760372
689 6 16.1969760372
690 6 16.1969760372
691 6 16.1969760372
692 6 16.1969760372
693 6 16.1969760372
694 6 16.1969760372
695 6 16.1969760372
696 6 16.1969760372
697 6 16.1969760372
698 6 16.1969760372
699 6 16.1969760372
700 6 16.1969760372
701 7 16.6193269586
702 7 16.6193269586
703 7 16.6193269586
704 7 16.6193269586
705 7 16.6193269586
706 7 16.6193269586
707 7 16.6193269586
708 7 16.6193269586
709 7 16.6193269586
710 7 16.6193269586
711 7 16.6193269586
712 7 16.6193269586
713 7 16.6193269586
714 7 16.6193269586
715 7 16.6193269586
716 7 16.6193269586
717 7 16.6193269586
718 7 16.6193269586
719 7 16.6193269586
720 7 16.6193269586
721 7 16.6193269586
722 7 16.6193269586
723 7 16.6193269586
724 7 16.6193269586
725 7 16.6193269586
726 7 16.6193269586
727 7 16.6193269586
728 7 16.6193269586
729 7 16.6193269586
730 7 16.6193269586
731 7 16.6193269586
732 7 16.6193269586
733 7 16.6193269586
734 7 16.6193269586
735 7 16.6193269586
736 7 16.6193269586
737 7 16.6193269586
738 7 16.6193269586
739 7 16.6193269586
740 7 16.6193269586
741 7 16.6193269586
742 7 16.6193269586
743 7 16.6193269586
744 7 16.6193269586
745 7 16.6193269586
746 7 16.6193269586
747 7 16.6193269586
748 7 16.6193269586
749 7 16.6193269586
750 7 16.6193269586
751 8 8.28731013873
752 8 8.28731013873
753 8 8.28731013873
754 8 8.28731013873
755 8 8.28731013873
756 8 8.28731013873
757 8 8.28731013873
758 8 8.28731013873
759 8 8.28731013873
760 8 8.28731013873
761 8 8.28731013873
762 8 8.28731013873
763 8 8.28731013873
764 8 8.28731013873
765 8 8.28731013873
766 8 8.28731013873
767 8 8.28731013873
768 8 8.28731013873
769 8 8.28731013873
770 8 8.28731013873
771 8 8.28731013873
772 8 8.28731013873
773 8 8.28731013873
774 8 8.28731013873
775 8 8.28731013873
776 9 6.81412287789
777 9 6.81412287789
778 9 6.81412287789
779 9 6.81412287789
780 9 6.81412287789
781 9 6.81412287789
782 9 6.81412287789
783 9 6.81412287789
784 9 6.81412287789
785 9 6.81412287789
786 9 6.81412287789
787 9 6.81412287789
788 9 6.81412287789
789 9 6.81412287789
790 9 6.81412287789
791 9 6.81412287789
792 9 6.81412287789
793 9 6.81412287789
794 9 6.81412287789
795 9 6.81412287789
796 9 6.81412287789
797 9 6.81412287789
798 9 6.81412287789
799 9 6.81412287789
800 9 6.81412287789
801 10 8.37911904751
802 10 8.37911904751
803 10 8.37911904751
804 10 8.37911904751
805 10 8.37911904751
806 10 8.37911904751
807 10 8.37911904751
808 10 8.37911904751
809 10 8.37911904751
810 10 8.37911904751
811 10 8.37911904751
812 10 8.37911904751
813 10 8.37911904751
814 10 8.37911904751
815 10 8.37911904751
816 10 8.37911904751
817 10 8.37911904751
818 10 8.37911904751
819 10 8.37911904751
820 10 8.37911904751
821 10 8.37911904751
822 10 8.37911904751
823 10 8.37911904751
824 10 8.37911904751
825 10 8.37911904751
826 11 6.77165727025
827 11 6.77165727025
828 11 6.77165727025
829 11 6.77165727025
830 11 6.77165727025
831 11 6.77165727025
832 11 6.77165727025
833 11 6.77165727025
834 11 6.77165727025
835 11 6.77165727025
836 11 6.77165727025
837 11 6.77165727025
838 11 6.77165727025
839 11 6.77165727025
840 11 6.77165727025
841 11 6.77165727025
842 11 6.77165727025
843 11 6.77165727025
844 11 6.77165727025
845 11 6.77165727025
846 11 6.77165727025
847 11 6.77165727025
848 11 6.77165727025
849 11 6.77165727025
850 11 6.77165727025
851 12 5.01144894567
852 12 5.01144894567
853 12 5.01144894567
854 12 5.01144894567
855 12 5.01144894567
856 12 5.01144894567
857 12 5.01144894567
858 12 5.01144894567
859 12 5.01144894567
860 12 5.01144894567
861 12 5.01144894567
862 12 5.01144894567
863 12 5.01144894567
864 12 5.01144894567
865 12 5.01144894567
866 12 5.01144894567
867 12 5.01144894567
868 12 5.01144894567
869 12 5.01144894567
870 12 5.01144894567
871 12 5.01144894567
872 12 5.01144894567
873 12 5.01144894567
874 12 5.01144894567
875 12 5.01144894567
876 13 8.20452225952
877 13 8.20452225952
878 13 8.20452225952
879 13 8.20452225952
880 13 8.20452225952
881 13 8.20452225952
882 13 8.20452225952
883 13 8.20452225952
884 13 8.20452225952
885 13 8.20452225952
886 13 8.20452225952
887 13 8.20452225952
888 13 8.20452225952
889 13 8.20452225952
890 13 8.20452225952
891 13 8.20452225952
892 13 8.20452225952
893 13 8.20452225952
894 13 8.20452225952
895 13 8.20452225952
896 13 8.20452225952
897 13 8.20452225952
898 13 8.20452225952
899 13 8.20452225952
900 13 8.20452225952
901 14 9.9736760039
902 14 9.9736760039
903 14 9.9736760039
904 14 9.9736760039
905 14 9.9736760039
906 14 9.9736760039
907 14 9.9736760039
908 14 9.9736760039
909 14 9.9736760039
910 14 9.9736760039
911 14 9.9736760039
912 14 9.9736760039
913 14 9.9736760039
914 14 9.9736760039
915 14 9.9736760039
916 14 9.9736760039
917 14 9.9736760039
918 14 9.9736760039
919 14 9.9736760039
920 14 9.9736760039
921 14 9.9736760039
922 14 9.9736760039
923 14 9.9736760039
924 14 9.9736760039
925 14 9.9736760039
926 15 8.8476792
927 15 8.8476792
928 15 8.8476792
929 15 8.8476792
930 15 8.8476792
931 15 8.8476792
932 15 8.8476792
933 15 8.8476792
934 15 8.8476792
935 15 8.8476792
936 15 8.8476792
937 15 8.8476792
938 15 8.8476792
939 15 8.8476792
940 15 8.8476792
941 15 8.8476792
942 15 8.8476792
943 15 8.8476792
944 15 8.8476792
945 15 8.8476792
946 15 8.8476792
947 15 8.8476792
948 15 8.8476792
949 15 8.8476792
950 15 8.8476792
951 16 6.05630276337
952 16 6.05630276337
953 16 6.05630276337
954 16 6.05630276337
955 16 6.05630276337
956 16 6.05630276337
957 16 6.05630276337
958 16 6.05630276337
959 16 6.05630276337
960 16 6.05630276337
961 16 6.05630276337
962 16 6.05630276337
963 16 6.05630276337
964 16 6.05630276337
965 16 6.05630276337
966 17 4.14361589542
967 18 4.04890012436
968 19 4.20663191689
969 20 3.93767956207
970 21 4.029295444
971 22 4.34198368109
972 23 4.46813670744
973 24 4.70258828122
974 25 4.9536916294
975 26 5.0560543258
976 27 4.94060254006
977 28 5.32401809529
978 29 5.39484221589
979 30 5.13015604693
980 31 5.31495979149
981 32 5.64456847892
982 33 5.47131171058
983 34 5.6083875801
984 35 5.40565875082
985 36 5.34307488479
986 37 5.24611584367
987 38 4.99906858019
988 39 4.75216865752
989 40 4.77284764081
990 41 4.74130532929
991 42 4.65420506788
992 43 4.55149534438
993 44 4.39730472823
994 45 4.25080605247
995 46 4.04225545505
996 47 3.89615196784
997 48 3.74459643366
998 49 3.93760705626
999 50 3.62316092082
1000 51 3.36298592294
1001 52 3.53701682944
1002 53 3.70764475085
1003 54 3.68198094988
1004 55 3.96108287165
1005 56 3.93937350644
1006 57 3.9910326226
1007 58 4.0591741981
1008 59 4.34166146001
1009 60 4.25418631505
1010 61 4.38966628535
1011 62 4.48705045985
1012 63 4.68164059612
1013 64 4.5878497785
1014 65 4.39558651964
1015 66 4.50349699386
1016 67 4.5625435821
1017 68 4.3903612678
1018 69 4.05177322203
1019 70 4.00332500159
1020 71 3.98111300199
1021 72 3.63456832961
1022 73 3.59634761532
1023 74 3.5753557747
1024 75 3.4938513985
1025 76 3.27976698395
1026 77 3.17949926224
1027 78 2.91663271255
1028 79 2.81805580295
1029 80 2.75274408421
1030 81 2.72433052181
1031 82 2.96177461882
1032 83 2.89870032921
1033 84 3.13058484179
1034 85 3.21249482079
1035 86 3.03855804368
1036 87 2.85112746016
1037 88 3.04349165373
1038 89 3.17167302772
1039 90 3.5051286802
1040 91 3.32534267224
1041 92 3.53237540514
1042 93 3.46900025995
1043 94 3.37395057691
1044 95 3.69329556463
1045 96 3.87553133299
1046 97 4.0434191211
1047 98 3.8018790263
1048 99 3.48462647082
1049 100 3.56202165141
1050 101 3.46671329404
1051 102 3.56450224576
1052 103 3.58362071114
1053 104 3.39358626248
1054 105 3.44742859717
1055 106 3.18910666105
1056 107 3.2684111736
1057 108 3.04569628582
1058 109 2.78034710435
1059 110 2.71830886134
1060 111 2.42284927502
1061 112 2.25111399775
1062 113 2.19723706857
1063 114 1.88626762368
1064 115 1.92903819819
1065 116 2.09710746751
1066 117 2.0602005013
1067 118 2.39308011979
1068 119 2.59812684033
1069 120 2.68878423257
1070 121 3.01674068561
1071 122 3.09518349968
1072 123 3.14716833116
1073 124 3.04050376201
1074 125 2.75524120295
1075 126 2.49451917328
1076 127 2.35239973144
1077 128 2.62263264666
1078 129 2.56275947198
1079 130 2.24637269463
1080 131 2.34598920978
1081 132 2.56191744721
1082 133 2.31074786247
1083 134 2.12841590003
1084 135 2.41954550485
1085 136 2.42371303026
1086 137 2.06877557527
1087 138 2.16338756987
1088 139 2.162326914
1089 140 2.38480878761
1090 141 2.62563058023
1091 142 2.74021797622
1092 143 2.86914507626
1093 144 3.25490238435
1094 145 3.29915913971
1095 146 3.16881643757
1096 147 3.38256838031
1097 148 3.21442760156
1098 149 3.44247614139
1099 150 3.4954145109
1100 151 3.15407526973
1101 152 3.32059536242
1102 153 3.14325683548
1103 154 3.34181441761
1104 155 3.17060344623
1105 156 3.1938236753
1106 157 2.99965558206
1107 158 3.05549734292
1108 159 3.10327025997
1109 160 3.20938869541
1110 161 3.10430712672
1111 162 2.74362000402
1112 163 2.99965965752
1113 163 2.99965965752
