1 0 15.7292519854
2 0 15.7292519854
3 0 15.7292519854
4 0 15.7292519854
5 0 15.7292519854
6 0 15.7292519854
7 1 13.8132750676
8 2 12.4950596816
9 3 10.0391818595
10 4 9.53552424175
11 5 8.78674163863
12 6 8.63017489773
13 7 9.39074098275
14 8 10.2523394303
15 9 9.86015009723
16 10 9.56076667901
17 11 10.9380470659
18 12 11.4551127441
19 13 12.0240929142
20 14 10.2096612655
21 15 9.14615981468
22 16 10.8639018612
23 17 11.2602371571
24 18 8.76166777164
25 19 9.33479627025
26 20 11.9118956074
27 21 11.371936848
28 22 9.32661330259
29 23 11.5281061089
30 24 13.2377139439
31 25 11.2405151594
32 26 11.7602163106
33 27 14.3940424421
34 28 13.7039752838
35 29 11.5258902194
36 30 11.6389155682
37 31 9.67383629124
38 32 7.54125545262
39 33 5.84298597139
40 34 7.53285921847
41 35 7.69608594273
42 36 5.19872499803
43 37 6.01326822698
44 38 8.79752666685
45 39 8.20235687762
46 40 6.45207008775
47 41 8.6948745368
48 42 10.9431073378
49 43 9.44918714777
50 44 9.80073856105
51 45 12.3958101389
52 46 13.0420519926
53 47 11.6907584415
54 48 11.9543537587
55 49 10.5158102031
56 50 8.76005584858
57 51 6.19769360499
58 52 3.70260702991
59 53 2.88026810034
60 54 2.57318477538
61 55 4.87384136463
62 56 6.91525685334
63 57 9.17311851325
64 58 8.85901396602
65 59 6.95799869077
66 60 6.9185802579
67 61 5.50514097468
68 62 6.40621252768
69 63 5.85098898702
70 64 7.3357827365
71 65 7.26257739487
72 66 9.14014442252
73 67 9.78650025646
74 68 9.65500043746
75 69 7.88928665143
76 70 7.01982641313
77 71 7.31108883112
78 72 6.46026677496
79 73 6.80573174565
80 74 7.95617076338
81 75 9.74065676642
82 76 11.8763186271
83 77 11.5002797264
84 78 8.84861579255
85 79 6.43075587569
86 80 4.80361015811
87 81 4.18073311209
88 82 4.33367411833
89 83 5.08950826365
90 84 6.82313067458
91 85 8.43463187856
92 86 11.3610966812
