1 0 16.2841767494
2 1 15.5702871321
3 2 16.9038565344
4 3 17.8605020346
5 4 19.2174006492
6 5 20.6881508603
7 6 21.0118137135
8 7 20.6998221985
9 8 22.4299803425
10 9 23.3000823316
11 10 24.0353768969
12 11 25.775474137
13 12 25.2061719276
14 13 26.5156966778
15 14 24.626005779
16 15 23.8439933946
17 16 24.7309445964
18 17 24.5785074055
19 18 25.8286104555
20 19 26.5558126775
21 20 26.2539724079
22 21 27.2278503422
23 22 27.347772738
24 23 28.1066159006
25 24 28.1976875564
26 25 27.2006421748
27 26 27.2744875247
28 27 28.5613086896
29 28 28.1872704743
30 29 27.5321737727
31 30 29.0099180278
32 31 27.5318947265
33 32 27.2811029193
34 33 25.473771436
35 34 24.7357579287
36 35 23.4350014899
37 36 21.8782105163
38 37 20.7090297802
39 38 21.2375162864
40 39 20.0835638223
41 40 21.4663111186
42 41 20.8516065119
43 42 19.4076991769
44 43 19.3332624608
45 44 18.5660136344
46 45 18.6361728984
47 46 18.4674459878
48 47 19.7142927939
49 48 20.6151591854
50 49 21.1139881095
51 50 21.3110792726
52 51 21.6627086483
53 52 22.7324134202
54 53 23.9330561805
55 54 25.4294426289
56 55 27.273031053
57 56 27.3021361997
58 57 26.9083253294
59 58 24.9045565555
60 59 24.557784956
61 60 23.2696952809
62 61 23.8739693445
63 62 23.5073443692
64 63 22.5152226349
65 64 23.6430140743
66 65 25.2687035624
67 66 24.7698497879
68 67 24.4534056524
69 68 26.3363467609
70 69 27.3909194176
71 70 26.8752736511
72 71 27.2986487844
73 72 29.0690179868
74 73 30.841044798
75 74 31.0458356048
76 75 29.4400978586
77 76 29.6157109295
78 77 27.9227703361
79 78 27.8513859635
80 79 26.3377194286
81 80 25.5011861798
82 81 25.6014046774
83 82 26.3839166
84 83 26.9273137938
85 84 28.0097771416
86 85 26.6620616018
87 86 27.4199183347
88 87 25.710940207
89 88 23.715309453
90 89 22.0504166618
91 90 20.3435649848
92 91 20.0743908278
93 92 18.5356442191
94 93 18.1011530122
95 94 17.1806828006
96 95 17.5316908237
97 96 19.111722511
98 97 19.4009732876
99 98 19.7551445886
100 99 19.4780932038
101 100 21.058545591
102 101 21.2913405979
103 102 23.1842616223
104 103 23.022367563
105 104 23.3399078107
106 105 22.4538423122
107 106 20.9479737048
108 107 21.624792987
109 108 20.9506487119
110 109 21.8844795729
111 110 21.6411947048
112 111 21.5561311466
113 112 22.478095602
114 113 23.8578258136
115 114 24.3076943704
116 115 25.8169770724
117 116 24.3496707425
118 117 24.0251445349
119 118 23.1829864542
120 119 22.8389436945
121 120 20.8042494922
122 121 20.9620664662
123 122 21.8866778363
124 123 20.8448285102
125 124 21.0780253702
126 125 21.0767431077
127 126 21.8171839273
128 127 20.4358972732
129 128 20.0763901404
130 129 18.8674476682
131 130 17.7968798653
132 131 16.2872323695
133 132 15.6063046586
134 133 14.3776941909
135 134 14.541332487
136 135 15.3981441995
137 136 15.2260024959
138 137 15.9546897922
139 138 15.6254182323
140 139 16.9694438576
141 140 17.3962920986
142 141 18.4606608052
143 142 19.7353728402
144 143 18.7684712919
145 144 17.379208621
146 145 16.7729745725
147 146 15.8362606366
148 147 15.9133593574
149 148 15.5298388202
150 149 16.4075037822
151 150 16.2293537503
152 151 16.9758514112
153 152 17.4436614566
154 153 17.9962570332
155 154 18.248706238
156 155 17.6798467525
157 156 16.9292900037
158 157 15.9626394671
159 158 15.7813020373
160 159 14.8507802167
161 160 15.0618473197
162 161 15.845019511
163 162 16.2901088673
164 163 15.9780632709
165 164 16.9248233726
166 165 16.6766909944
167 166 15.762301391
168 167 15.4667108159
169 168 14.3402252764
170 169 13.7987830567
171 170 13.3426927799
172 171 13.1094775363
173 172 13.3439851009
174 173 13.7380318345
175 174 14.359662628
176 175 14.7799803094
177 176 15.487209244
178 177 15.6871844552
179 178 16.4071557596
180 179 15.7474838476
181 180 15.647814812
182 181 14.9346312826
183 182 14.7475127575
184 183 14.1924972878
185 184 13.7937078013
186 185 13.3834804089
187 186 13.2239265206
188 187 13.197447356
189 188 13.56159418
190 189 14.0658466158
191 190 14.2246416602
192 191 14.0280043502
193 192 13.6370473138
194 193 13.766250781
195 194 13.7361259483
196 195 13.6523299418
197 196 13.8895144845
198 197 14.0502940843
199 198 14.3272292757
200 199 14.6157690614
201 200 15.2966358485
202 201 15.9681752492
203 202 16.2772736739
204 203 17.3574449484
205 204 16.8766585284
206 205 16.1850728451
207 206 17.19820883
208 207 17.7190775359
209 208 17.5700918259
210 209 17.2450985745
211 210 18.4975662748
212 211 19.1852628573
213 212 18.3249855223
214 213 17.9513489411
215 214 17.2056435437
216 215 18.119628402
217 216 17.5039545301
218 217 16.4914741683
219 218 16.5007760717
220 219 15.5269739504
221 220 16.1483299104
222 221 15.43702548
223 222 14.6842071174
224 223 15.7905919163
225 224 16.350886592
226 225 16.2320694057
227 226 17.1308325169
228 227 17.0298663087
229 228 18.0530063874
230 229 18.1776947328
231 230 19.4173237854
232 231 20.2990530795
233 232 20.3618704797
234 233 21.9137837954
235 234 23.0421423613
236 235 24.1552536045
237 236 25.8266550512
238 237 25.9692978507
239 238 27.5785162949
240 239 26.9762853417
241 240 25.2885069068
242 241 24.4544359749
243 242 22.682012212
244 243 21.6842710961
245 244 20.3360655287
246 245 19.4358074284
247 246 18.9055092577
248 247 17.9716885135
249 248 17.6828249429
250 249 16.6132294678
251 250 16.871643606
252 251 15.957439621
253 252 16.7279873813
254 253 16.1614547713
255 254 15.1701234864
256 255 15.6694947967
257 256 15.7291045734
258 257 16.9531467022
259 258 17.2355673908
260 259 18.6560731905
261 260 19.4961407447
262 261 20.5609139385
263 262 22.007914853
264 263 22.4441893152
265 264 20.9820227513
266 265 21.5947096262
267 266 22.6803317591
268 267 22.6847820363
269 268 24.6922342189
270 269 24.5987985802
271 270 25.9806231661
272 271 25.5751509536
273 272 24.5143740148
274 273 23.0112449048
275 274 21.5467007419
276 275 20.2371786074
277 276 19.505181472
278 277 18.8720534587
279 278 18.879756642
280 279 17.7374224881
281 280 17.5967506468
282 281 16.6866057292
283 282 17.2673349461
284 283 16.3646507169
285 284 17.2094571419
286 285 18.772638433
287 286 19.432412961
288 287 18.3190117717
289 288 16.8625587151
290 289 16.6576193936
291 290 17.4493918621
292 291 16.9892646246
293 292 18.2969945051
294 293 17.9996063251
295 294 19.3219370538
296 295 19.5031145879
297 296 20.6223507163
298 297 20.8126036934
299 298 21.6774724011
300 299 22.3311070135
301 300 23.1027535732
302 301 24.4119029908
303 302 23.7097931798
304 303 22.3587212504
305 304 21.4843432847
306 305 20.7293439411
307 306 19.4105347408
308 307 19.3878583817
309 308 18.1159822512
310 309 19.2340654177
311 310 20.3744279109
312 311 21.1807267089
313 312 22.6369683856
314 313 24.5559348833
315 314 25.7719776496
316 315 27.9329199236
317 316 29.2039843212
318 317 29.2241752834
319 318 29.1477125262
320 319 26.9159196819
321 320 25.8293935493
322 321 24.6426501941
323 322 25.3811027603
324 323 25.534992705
325 324 27.6717867343
326 325 28.9810795838
327 326 29.6385131455
328 327 31.7441292377
329 328 32.0926554076
330 329 31.1992529322
331 330 31.1672597729
332 331 29.0218874768
333 332 27.2875698439
334 333 26.0429939555
335 334 23.956776015
336 335 22.6503768001
337 336 22.3098154181
338 337 21.0030017683
339 338 20.1340569105
340 339 19.2994209122
341 340 18.9738069777
342 341 19.8084830313
343 342 19.2864127507
344 343 20.1211773173
345 344 21.9767106367
346 345 23.4320327205
347 346 25.1771567964
348 347 22.2892045252
349 347 22.2892045252
350 347 22.2892045252
351 347 22.2892045252
352 347 22.2892045252
353 347 22.2892045252
354 347 22.2892045252
355 347 22.2892045252
356 347 22.2892045252
357 347 22.2892045252
358 348 18.7562878747
359 348 18.7562878747
360 348 18.7562878747
361 348 18.7562878747
362 349 21.295463024
363 350 20.0793743222
364 351 21.1460417123
365 352 20.9365577519
366 353 21.8212496883
367 354 22.3975413054
368 355 23.3437154897
369 356 24.7451330881
370 357 25.3504970614
371 358 27.0960950822
372 359 26.342241258
373 360 26.5204940142
374 361 25.0284899345
375 362 24.8850413161
376 363 24.0024772047
377 364 23.7042933778
378 365 23.0962783175
379 366 22.2691895356
380 367 22.9563432787
381 368 22.486337147
382 369 39.5196255419
383 369 39.5196255419
384 369 39.5196255419
385 369 39.5196255419
386 369 39.5196255419
387 369 39.5196255419
388 369 39.5196255419
389 369 39.5196255419
390 369 39.5196255419
391 369 39.5196255419
392 369 39.5196255419
393 369 39.5196255419
394 369 39.5196255419
395 369 39.5196255419
396 369 39.5196255419
397 369 39.5196255419
398 369 39.5196255419
399 369 39.5196255419
400 369 39.5196255419
401 369 39.5196255419
402 369 39.5196255419
403 369 39.5196255419
404 369 39.5196255419
405 369 39.5196255419
406 369 39.5196255419
407 369 39.5196255419
408 369 39.5196255419
409 369 39.5196255419
410 369 39.5196255419
411 369 39.5196255419
412 369 39.5196255419
413 369 39.5196255419
414 369 39.5196255419
415 369 39.5196255419
416 369 39.5196255419
417 369 39.5196255419
418 369 39.5196255419
419 369 39.5196255419
420 369 39.5196255419
421 369 39.5196255419
422 369 39.5196255419
423 369 39.5196255419
424 369 39.5196255419
425 369 39.5196255419
426 369 39.5196255419
427 369 39.5196255419
428 369 39.5196255419
429 369 39.5196255419
430 369 39.5196255419
431 369 39.5196255419
432 369 39.5196255419
433 369 39.5196255419
434 369 39.5196255419
435 369 39.5196255419
436 369 39.5196255419
437 369 39.5196255419
438 369 39.5196255419
439 369 39.5196255419
440 369 39.5196255419
441 369 39.5196255419
442 369 39.5196255419
443 369 39.5196255419
444 369 39.5196255419
445 369 39.5196255419
446 369 39.5196255419
447 369 39.5196255419
448 369 39.5196255419
449 369 39.5196255419
450 369 39.5196255419
451 369 39.5196255419
452 369 39.5196255419
453 369 39.5196255419
454 369 39.5196255419
455 369 39.5196255419
456 369 39.5196255419
457 369 39.5196255419
458 369 39.5196255419
459 369 39.5196255419
460 369 39.5196255419
461 369 39.5196255419
462 369 39.5196255419
463 369 39.5196255419
464 369 39.5196255419
465 369 39.5196255419
466 369 39.5196255419
467 369 39.5196255419
468 369 39.5196255419
469 369 39.5196255419
470 369 39.5196255419
471 369 39.5196255419
472 369 39.5196255419
473 369 39.5196255419
474 369 39.5196255419
475 369 39.5196255419
476 369 39.5196255419
477 369 39.5196255419
478 369 39.5196255419
479 369 39.5196255419
480 369 39.5196255419
481 369 39.5196255419
482 370 26.5617468642
483 370 26.5617468642
484 370 26.5617468642
485 370 26.5617468642
486 370 26.5617468642
487 370 26.5617468642
488 370 26.5617468642
489 370 26.5617468642
490 370 26.5617468642
491 370 26.5617468642
492 370 26.5617468642
493 370 26.5617468642
494 370 26.5617468642
495 370 26.5617468642
496 370 26.5617468642
497 370 26.5617468642
498 370 26.5617468642
499 370 26.5617468642
500 370 26.5617468642
501 370 26.5617468642
502 370 26.5617468642
503 370 26.5617468642
504 370 26.5617468642
505 370 26.5617468642
506 370 26.5617468642
507 370 26.5617468642
508 370 26.5617468642
509 370 26.5617468642
510 370 26.5617468642
511 370 26.5617468642
512 370 26.5617468642
513 370 26.5617468642
514 370 26.5617468642
515 370 26.5617468642
516 370 26.5617468642
517 370 26.5617468642
518 370 26.5617468642
519 370 26.5617468642
520 370 26.5617468642
521 370 26.5617468642
522 370 26.5617468642
523 370 26.5617468642
524 370 26.5617468642
525 370 26.5617468642
526 370 26.5617468642
527 370 26.5617468642
528 370 26.5617468642
529 370 26.5617468642
530 370 26.5617468642
531 370 26.5617468642
532 370 26.5617468642
533 370 26.5617468642
534 370 26.5617468642
535 370 26.5617468642
536 370 26.5617468642
537 370 26.5617468642
538 370 26.5617468642
539 370 26.5617468642
540 370 26.5617468642
541 370 26.5617468642
542 370 26.5617468642
543 370 26.5617468642
544 370 26.5617468642
545 370 26.5617468642
546 370 26.5617468642
547 370 26.5617468642
548 370 26.5617468642
549 370 26.5617468642
550 370 26.5617468642
551 370 26.5617468642
552 370 26.5617468642
553 370 26.5617468642
554 370 26.5617468642
555 370 26.5617468642
556 370 26.5617468642
557 370 26.5617468642
558 370 26.5617468642
559 370 26.5617468642
560 370 26.5617468642
561 370 26.5617468642
562 370 26.5617468642
563 370 26.5617468642
564 370 26.5617468642
565 370 26.5617468642
566 370 26.5617468642
567 370 26.5617468642
568 370 26.5617468642
569 370 26.5617468642
570 370 26.5617468642
571 370 26.5617468642
572 370 26.5617468642
573 370 26.5617468642
574 370 26.5617468642
575 370 26.5617468642
576 370 26.5617468642
577 370 26.5617468642
578 370 26.5617468642
579 370 26.5617468642
580 370 26.5617468642
581 370 26.5617468642
582 371 17.5584461791
583 371 17.5584461791
584 371 17.5584461791
585 371 17.5584461791
586 371 17.5584461791
587 371 17.5584461791
588 371 17.5584461791
589 371 17.5584461791
590 371 17.5584461791
591 371 17.5584461791
592 371 17.5584461791
593 371 17.5584461791
594 371 17.5584461791
595 371 17.5584461791
596 371 17.5584461791
597 371 17.5584461791
598 371 17.5584461791
599 371 17.5584461791
600 371 17.5584461791
601 371 17.5584461791
602 371 17.5584461791
603 371 17.5584461791
604 371 17.5584461791
605 371 17.5584461791
606 371 17.5584461791
607 371 17.5584461791
608 371 17.5584461791
609 371 17.5584461791
610 371 17.5584461791
611 371 17.5584461791
612 371 17.5584461791
613 371 17.5584461791
614 371 17.5584461791
615 371 17.5584461791
616 371 17.5584461791
617 371 17.5584461791
618 371 17.5584461791
619 371 17.5584461791
620 371 17.5584461791
621 371 17.5584461791
622 371 17.5584461791
623 371 17.5584461791
624 371 17.5584461791
625 371 17.5584461791
626 371 17.5584461791
627 371 17.5584461791
628 371 17.5584461791
629 371 17.5584461791
630 371 17.5584461791
631 371 17.5584461791
632 371 17.5584461791
633 371 17.5584461791
634 371 17.5584461791
635 371 17.5584461791
636 371 17.5584461791
637 371 17.5584461791
638 371 17.5584461791
639 371 17.5584461791
640 371 17.5584461791
641 371 17.5584461791
642 371 17.5584461791
643 371 17.5584461791
644 371 17.5584461791
645 371 17.5584461791
646 371 17.5584461791
647 371 17.5584461791
648 371 17.5584461791
649 371 17.5584461791
650 371 17.5584461791
651 371 17.5584461791
652 371 17.5584461791
653 371 17.5584461791
654 371 17.5584461791
655 371 17.5584461791
656 371 17.5584461791
657 371 17.5584461791
658 371 17.5584461791
659 371 17.5584461791
660 371 17.5584461791
661 371 17.5584461791
662 371 17.5584461791
663 371 17.5584461791
664 371 17.5584461791
665 371 17.5584461791
666 371 17.5584461791
667 371 17.5584461791
668 371 17.5584461791
669 371 17.5584461791
670 371 17.5584461791
671 371 17.5584461791
672 371 17.5584461791
673 371 17.5584461791
674 371 17.5584461791
675 371 17.5584461791
676 371 17.5584461791
677 371 17.5584461791
678 371 17.5584461791
679 371 17.5584461791
680 371 17.5584461791
681 371 17.5584461791
682 372 15.5372957852
683 372 15.5372957852
684 372 15.5372957852
685 372 15.5372957852
686 372 15.5372957852
687 372 15.5372957852
688 372 15.5372957852
689 372 15.5372957852
690 372 15.5372957852
691 372 15.5372957852
692 372 15.5372957852
693 372 15.5372957852
694 372 15.5372957852
695 372 15.5372957852
696 372 15.5372957852
697 372 15.5372957852
698 372 15.5372957852
699 372 15.5372957852
700 372 15.5372957852
701 372 15.5372957852
702 372 15.5372957852
703 372 15.5372957852
704 372 15.5372957852
705 372 15.5372957852
706 372 15.5372957852
707 372 15.5372957852
708 372 15.5372957852
709 372 15.5372957852
710 372 15.5372957852
711 372 15.5372957852
712 372 15.5372957852
713 372 15.5372957852
714 372 15.5372957852
715 372 15.5372957852
716 372 15.5372957852
717 372 15.5372957852
718 372 15.5372957852
719 372 15.5372957852
720 372 15.5372957852
721 372 15.5372957852
722 372 15.5372957852
723 372 15.5372957852
724 372 15.5372957852
725 372 15.5372957852
726 372 15.5372957852
727 372 15.5372957852
728 372 15.5372957852
729 372 15.5372957852
730 372 15.5372957852
731 372 15.5372957852
732 372 15.5372957852
733 372 15.5372957852
734 372 15.5372957852
735 372 15.5372957852
736 372 15.5372957852
737 372 15.5372957852
738 372 15.5372957852
739 372 15.5372957852
740 372 15.5372957852
741 372 15.5372957852
742 372 15.5372957852
743 372 15.5372957852
744 372 15.5372957852
745 372 15.5372957852
746 372 15.5372957852
747 372 15.5372957852
748 372 15.5372957852
749 372 15.5372957852
750 372 15.5372957852
751 372 15.5372957852
752 372 15.5372957852
753 372 15.5372957852
754 372 15.5372957852
755 372 15.5372957852
756 372 15.5372957852
757 372 15.5372957852
758 372 15.5372957852
759 372 15.5372957852
760 372 15.5372957852
761 372 15.5372957852
762 372 15.5372957852
763 372 15.5372957852
764 372 15.5372957852
765 372 15.5372957852
766 372 15.5372957852
767 372 15.5372957852
768 372 15.5372957852
769 372 15.5372957852
770 372 15.5372957852
771 372 15.5372957852
772 372 15.5372957852
773 372 15.5372957852
774 372 15.5372957852
775 372 15.5372957852
776 372 15.5372957852
777 372 15.5372957852
778 372 15.5372957852
779 372 15.5372957852
780 372 15.5372957852
781 372 15.5372957852
782 373 19.4642472371
783 373 19.4642472371
784 373 19.4642472371
785 373 19.4642472371
786 373 19.4642472371
787 373 19.4642472371
788 373 19.4642472371
789 373 19.4642472371
790 373 19.4642472371
791 373 19.4642472371
792 373 19.4642472371
793 373 19.4642472371
794 373 19.4642472371
795 373 19.4642472371
796 373 19.4642472371
797 373 19.4642472371
798 373 19.4642472371
799 373 19.4642472371
800 373 19.4642472371
801 373 19.4642472371
802 373 19.4642472371
803 373 19.4642472371
804 373 19.4642472371
805 373 19.4642472371
806 373 19.4642472371
807 373 19.4642472371
808 373 19.4642472371
809 373 19.4642472371
810 373 19.4642472371
811 373 19.4642472371
812 373 19.4642472371
813 373 19.4642472371
814 373 19.4642472371
815 373 19.4642472371
816 373 19.4642472371
817 373 19.4642472371
818 373 19.4642472371
819 373 19.4642472371
820 373 19.4642472371
821 373 19.4642472371
822 373 19.4642472371
823 373 19.4642472371
824 373 19.4642472371
825 373 19.4642472371
826 373 19.4642472371
827 373 19.4642472371
828 373 19.4642472371
829 373 19.4642472371
830 373 19.4642472371
831 373 19.4642472371
832 373 19.4642472371
833 373 19.4642472371
834 373 19.4642472371
835 373 19.4642472371
836 373 19.4642472371
837 373 19.4642472371
838 373 19.4642472371
839 373 19.4642472371
840 373 19.4642472371
841 373 19.4642472371
842 373 19.4642472371
843 373 19.4642472371
844 373 19.4642472371
845 373 19.4642472371
846 373 19.4642472371
847 373 19.4642472371
848 373 19.4642472371
849 373 19.4642472371
850 373 19.4642472371
851 373 19.4642472371
852 373 19.4642472371
853 373 19.4642472371
854 373 19.4642472371
855 373 19.4642472371
856 373 19.4642472371
857 373 19.4642472371
858 373 19.4642472371
859 373 19.4642472371
860 373 19.4642472371
861 373 19.4642472371
862 373 19.4642472371
863 373 19.4642472371
864 373 19.4642472371
865 373 19.4642472371
866 373 19.4642472371
867 373 19.4642472371
868 373 19.4642472371
869 373 19.4642472371
870 373 19.4642472371
871 373 19.4642472371
872 373 19.4642472371
873 373 19.4642472371
874 373 19.4642472371
875 373 19.4642472371
876 373 19.4642472371
877 373 19.4642472371
878 373 19.4642472371
879 373 19.4642472371
880 373 19.4642472371
881 373 19.4642472371
882 374 27.1039376278
883 374 27.1039376278
884 374 27.1039376278
885 374 27.1039376278
886 374 27.1039376278
887 374 27.1039376278
888 374 27.1039376278
889 374 27.1039376278
890 374 27.1039376278
891 374 27.1039376278
892 374 27.1039376278
893 374 27.1039376278
894 374 27.1039376278
895 374 27.1039376278
896 374 27.1039376278
897 374 27.1039376278
898 374 27.1039376278
899 374 27.1039376278
900 374 27.1039376278
901 374 27.1039376278
902 374 27.1039376278
903 374 27.1039376278
904 374 27.1039376278
905 374 27.1039376278
906 374 27.1039376278
907 374 27.1039376278
908 374 27.1039376278
909 374 27.1039376278
910 374 27.1039376278
911 374 27.1039376278
912 374 27.1039376278
913 374 27.1039376278
914 374 27.1039376278
915 374 27.1039376278
916 374 27.1039376278
917 374 27.1039376278
918 374 27.1039376278
919 374 27.1039376278
920 374 27.1039376278
921 374 27.1039376278
922 374 27.1039376278
923 374 27.1039376278
924 374 27.1039376278
925 374 27.1039376278
926 374 27.1039376278
927 374 27.1039376278
928 374 27.1039376278
929 374 27.1039376278
930 374 27.1039376278
931 374 27.1039376278
932 374 27.1039376278
933 374 27.1039376278
934 374 27.1039376278
935 374 27.1039376278
936 374 27.1039376278
937 374 27.1039376278
938 374 27.1039376278
939 374 27.1039376278
940 374 27.1039376278
941 374 27.1039376278
942 374 27.1039376278
943 374 27.1039376278
944 374 27.1039376278
945 374 27.1039376278
946 374 27.1039376278
947 374 27.1039376278
948 374 27.1039376278
949 374 27.1039376278
950 374 27.1039376278
951 374 27.1039376278
952 374 27.1039376278
953 374 27.1039376278
954 374 27.1039376278
955 374 27.1039376278
956 374 27.1039376278
957 374 27.1039376278
958 374 27.1039376278
959 374 27.1039376278
960 374 27.1039376278
961 374 27.1039376278
962 374 27.1039376278
963 374 27.1039376278
964 374 27.1039376278
965 374 27.1039376278
966 374 27.1039376278
967 374 27.1039376278
968 374 27.1039376278
969 374 27.1039376278
970 374 27.1039376278
971 374 27.1039376278
972 374 27.1039376278
973 374 27.1039376278
974 374 27.1039376278
975 374 27.1039376278
976 374 27.1039376278
977 374 27.1039376278
978 374 27.1039376278
979 374 27.1039376278
980 374 27.1039376278
981 374 27.1039376278
982 375 41.5599627502
983 375 41.5599627502
984 375 41.5599627502
985 375 41.5599627502
986 375 41.5599627502
987 375 41.5599627502
988 375 41.5599627502
989 375 41.5599627502
990 375 41.5599627502
991 375 41.5599627502
992 375 41.5599627502
993 375 41.5599627502
994 375 41.5599627502
995 375 41.5599627502
996 375 41.5599627502
997 375 41.5599627502
998 375 41.5599627502
999 375 41.5599627502
1000 375 41.5599627502
1001 375 41.5599627502
1002 375 41.5599627502
1003 375 41.5599627502
1004 375 41.5599627502
1005 375 41.5599627502
1006 375 41.5599627502
1007 375 41.5599627502
1008 375 41.5599627502
1009 375 41.5599627502
1010 375 41.5599627502
1011 375 41.5599627502
1012 375 41.5599627502
1013 375 41.5599627502
1014 375 41.5599627502
1015 375 41.5599627502
1016 375 41.5599627502
1017 375 41.5599627502
1018 375 41.5599627502
1019 375 41.5599627502
1020 375 41.5599627502
1021 375 41.5599627502
1022 375 41.5599627502
1023 375 41.5599627502
1024 375 41.5599627502
1025 375 41.5599627502
1026 375 41.5599627502
1027 375 41.5599627502
1028 375 41.5599627502
1029 375 41.5599627502
1030 375 41.5599627502
1031 375 41.5599627502
1032 375 41.5599627502
1033 375 41.5599627502
1034 375 41.5599627502
1035 375 41.5599627502
1036 375 41.5599627502
1037 375 41.5599627502
1038 375 41.5599627502
1039 375 41.5599627502
1040 375 41.5599627502
1041 375 41.5599627502
1042 375 41.5599627502
1043 375 41.5599627502
1044 375 41.5599627502
1045 375 41.5599627502
1046 375 41.5599627502
1047 375 41.5599627502
1048 375 41.5599627502
1049 375 41.5599627502
1050 375 41.5599627502
1051 375 41.5599627502
1052 375 41.5599627502
1053 375 41.5599627502
1054 375 41.5599627502
1055 375 41.5599627502
1056 375 41.5599627502
1057 375 41.5599627502
1058 375 41.5599627502
1059 375 41.5599627502
1060 375 41.5599627502
1061 375 41.5599627502
1062 375 41.5599627502
1063 375 41.5599627502
1064 375 41.5599627502
1065 375 41.5599627502
1066 375 41.5599627502
1067 375 41.5599627502
1068 375 41.5599627502
1069 375 41.5599627502
1070 375 41.5599627502
1071 375 41.5599627502
1072 375 41.5599627502
1073 375 41.5599627502
1074 375 41.5599627502
1075 375 41.5599627502
1076 375 41.5599627502
1077 375 41.5599627502
1078 375 41.5599627502
1079 375 41.5599627502
1080 375 41.5599627502
1081 375 41.5599627502
1082 376 54.2494963597
1083 376 54.2494963597
1084 376 54.2494963597
1085 376 54.2494963597
1086 376 54.2494963597
1087 376 54.2494963597
1088 376 54.2494963597
1089 376 54.2494963597
1090 376 54.2494963597
1091 376 54.2494963597
1092 376 54.2494963597
1093 376 54.2494963597
1094 376 54.2494963597
1095 376 54.2494963597
1096 376 54.2494963597
1097 376 54.2494963597
1098 376 54.2494963597
1099 376 54.2494963597
1100 376 54.2494963597
1101 376 54.2494963597
1102 376 54.2494963597
1103 376 54.2494963597
1104 376 54.2494963597
1105 376 54.2494963597
1106 376 54.2494963597
1107 376 54.2494963597
1108 376 54.2494963597
1109 376 54.2494963597
1110 376 54.2494963597
1111 376 54.2494963597
1112 376 54.2494963597
1113 376 54.2494963597
1114 376 54.2494963597
1115 376 54.2494963597
1116 376 54.2494963597
1117 377 11.9391207167
1118 378 9.49520894889
1119 379 7.00853881478
1120 380 5.66664622242
1121 381 4.77691226664
1122 382 5.30002639181
1123 383 6.5422883944
1124 384 7.99865839674
1125 385 10.2840521236
1126 386 11.9548352279
1127 387 6.61160039891
1128 387 6.61160039891
1129 387 6.61160039891
1130 387 6.61160039891
1131 387 6.61160039891
1132 387 6.61160039891
1133 387 6.61160039891
1134 387 6.61160039891
1135 387 6.61160039891
1136 387 6.61160039891
1137 388 8.36753655062
1138 388 8.36753655062
1139 388 8.36753655062
1140 388 8.36753655062
1141 388 8.36753655062
1142 388 8.36753655062
1143 388 8.36753655062
1144 388 8.36753655062
1145 388 8.36753655062
1146 388 8.36753655062
1147 389 9.03599220486
1148 389 9.03599220486
1149 389 9.03599220486
1150 389 9.03599220486
1151 389 9.03599220486
1152 389 9.03599220486
1153 389 9.03599220486
1154 389 9.03599220486
1155 389 9.03599220486
1156 389 9.03599220486
1157 390 8.03017758051
1158 390 8.03017758051
1159 390 8.03017758051
1160 390 8.03017758051
1161 390 8.03017758051
1162 390 8.03017758051
1163 390 8.03017758051
1164 390 8.03017758051
1165 390 8.03017758051
1166 390 8.03017758051
1167 391 7.91223111272
1168 391 7.91223111272
1169 391 7.91223111272
1170 391 7.91223111272
1171 391 7.91223111272
1172 391 7.91223111272
1173 391 7.91223111272
1174 391 7.91223111272
1175 391 7.91223111272
1176 391 7.91223111272
1177 392 6.95735958123
1178 392 6.95735958123
1179 392 6.95735958123
1180 392 6.95735958123
1181 392 6.95735958123
1182 392 6.95735958123
1183 392 6.95735958123
1184 392 6.95735958123
1185 392 6.95735958123
1186 392 6.95735958123
1187 393 7.05746410676
1188 393 7.05746410676
1189 393 7.05746410676
1190 393 7.05746410676
1191 393 7.05746410676
1192 393 7.05746410676
1193 393 7.05746410676
1194 393 7.05746410676
1195 393 7.05746410676
1196 393 7.05746410676
1197 394 7.37706807489
1198 394 7.37706807489
1199 394 7.37706807489
1200 394 7.37706807489
1201 394 7.37706807489
1202 394 7.37706807489
1203 394 7.37706807489
1204 394 7.37706807489
1205 394 7.37706807489
1206 394 7.37706807489
1207 395 7.07021743088
1208 395 7.07021743088
1209 395 7.07021743088
1210 395 7.07021743088
1211 396 5.53453418535
1212 397 7.7471998604
1213 398 7.43863682032
1214 399 4.89053066339
1215 400 5.60897862895
1216 401 7.28363746112
1217 402 5.79345761542
1218 403 4.066404956
1219 404 6.03818089046
1220 405 6.55973058808
1221 406 4.24045486954
1222 407 3.90561135626
1223 408 5.9029339185
1224 409 5.11356070819
1225 410 3.19006264421
1226 411 4.62859651412
1227 412 5.58760831525
1228 413 3.60274841956
1229 414 3.47601083251
1230 415 5.43952780356
1231 416 4.2104972792
1232 417 2.83847193821
1233 418 5.00073479102
1234 419 5.2614706296
1235 420 3.24789477692
1236 421 4.73315738206
1237 422 6.55664413111
1238 423 5.2968492308
1239 424 4.49837944572
1240 425 9.41064203719
1241 425 9.41064203719
1242 425 9.41064203719
1243 425 9.41064203719
1244 425 9.41064203719
1245 425 9.41064203719
1246 425 9.41064203719
1247 425 9.41064203719
1248 425 9.41064203719
1249 425 9.41064203719
1250 426 11.7044637657
1251 426 11.7044637657
1252 426 11.7044637657
1253 426 11.7044637657
1254 426 11.7044637657
1255 426 11.7044637657
1256 426 11.7044637657
1257 426 11.7044637657
1258 426 11.7044637657
1259 426 11.7044637657
1260 427 7.44817531364
1261 427 7.44817531364
1262 427 7.44817531364
1263 427 7.44817531364
1264 427 7.44817531364
1265 427 7.44817531364
1266 428 4.71708819571
1267 429 3.18240542499
1268 430 5.58443032864
1269 431 5.48898735121
1270 432 3.24598955232
1271 433 4.90349800946
1272 434 6.43472317278
1273 435 4.57679666566
1274 436 3.37225048356
1275 437 6.01405590746
1276 438 5.91538329687
1277 439 3.48523061871
1278 440 4.47664624422
1279 441 6.27038836174
1280 442 4.75243763578
1281 443 3.34720669448
1282 444 5.8540268257
1283 445 5.82470869985
1284 446 3.39997618678
1285 447 4.56265200659
1286 448 6.5697543703
1287 449 4.85707276152
1288 450 3.28263880618
1289 451 5.79338616648
1290 452 6.22441324052
1291 453 3.75734158307
1292 454 4.84974582219
1293 455 6.5415620557
1294 456 4.58262954179
1295 457 3.31411908806
1296 458 5.94304755216
1297 459 5.8826099253
1298 460 3.37782379282
1299 461 4.66222143284
1300 462 6.52347445464
1301 463 4.68226528222
1302 464 3.07931399982
1303 465 5.73358999053
1304 466 6.16635386178
1305 467 3.56900233123
1306 468 4.55627582164
1307 469 6.59823815958
1308 470 5.12181578087
1309 471 3.31256089407
1310 472 6.01599044876
1311 473 6.76624745523
1312 474 4.36884992996
1313 475 5.57014259185
1314 476 8.16173819542
1315 477 6.82732497017
1316 478 5.86279435247
1317 479 8.75185545924
1318 480 9.62473142797
1319 481 7.69826193456
1320 482 8.91738506926
1321 483 11.5655177341
1322 484 9.92697110615
1323 484 9.92697110615
1324 484 9.92697110615
1325 484 9.92697110615
1326 484 9.92697110615
1327 484 9.92697110615
1328 484 9.92697110615
1329 484 9.92697110615
1330 484 9.92697110615
1331 484 9.92697110615
1332 485 8.40865183235
1333 486 8.11716172027
1334 487 7.2858117185
1335 488 6.81930634918
1336 489 6.73136668238
1337 490 6.33408316269
1338 491 5.50748371385
1339 492 5.42490537808
1340 493 5.5341126922
1341 494 4.62298509595
1342 495 4.13699837125
1343 496 4.84654473781
1344 497 4.67964481029
1345 498 3.24389331367
1346 499 3.7703501412
1347 500 4.65964298636
1348 501 3.37848478512
1349 502 2.64715272309
1350 503 4.56046040255
1351 504 4.42611011353
1352 505 2.62449202258
1353 506 4.05080712876
1354 507 5.48529149544
1355 508 4.31444818939
1356 509 3.52162595612
1357 510 5.53634537154
1358 511 5.90512720106
1359 512 4.40579219395
1360 513 5.23350548362
1361 514 6.89386734876
1362 515 6.26525947849
1363 516 5.49291610327
1364 517 6.86681758311
1365 518 7.6178699061
1366 519 6.61958585788
1367 520 7.0534732805
1368 521 8.44862015971
1369 522 8.26671096212
1370 523 7.78629412798
1371 524 8.6655536433
1372 525 9.61230980729
1373 526 11.1480060893
1374 526 11.1480060893
1375 526 11.1480060893
1376 526 11.1480060893
1377 526 11.1480060893
1378 526 11.1480060893
1379 526 11.1480060893
1380 526 11.1480060893
1381 526 11.1480060893
1382 527 5.17503516831
1383 528 6.48601328429
1384 529 4.92274589836
1385 530 3.79641851389
1386 531 5.49998112637
1387 532 5.5456771863
1388 533 3.55952873022
1389 534 4.10336781653
1390 535 5.3294697874
1391 536 4.18646249037
1392 537 2.7718966442
1393 538 4.24757792393
1394 539 4.59421879185
1395 540 2.936015286
1396 541 2.96033884541
1397 542 4.044017305
1398 543 3.28200814187
1399 544 2.36813015556
1400 545 3.36092583248
1401 546 3.49858059342
1402 547 2.7267474404
1403 548 3.24723429378
1404 549 3.82243560631
1405 550 3.27250728761
1406 551 3.21287051881
1407 552 4.21063373885
1408 553 4.04776472173
1409 554 3.72025868551
1410 555 4.48118171341
1411 556 5.06721891747
1412 557 4.57296291147
1413 558 4.85080840811
1414 558 4.85080840811
1415 558 4.85080840811
1416 558 4.85080840811
1417 558 4.85080840811
1418 558 4.85080840811
1419 558 4.85080840811
1420 558 4.85080840811
1421 558 4.85080840811
1422 558 4.85080840811
1423 559 6.70379022702
1424 559 6.70379022702
1425 559 6.70379022702
1426 559 6.70379022702
1427 559 6.70379022702
1428 559 6.70379022702
1429 560 2.01742986945
1430 561 1.89675290582
1431 562 1.815129395
1432 563 1.76735211142
1433 564 1.67349724117
1434 565 1.59734554526
1435 566 1.44599454071
1436 567 1.41889875592
1437 568 1.5020534158
1438 569 1.39603304177
1439 570 1.25442710852
1440 571 1.39492683062
1441 572 1.47644803681
1442 573 1.32010508559
1443 574 1.29643361184
1444 575 1.53779524038
1445 576 1.56639312477
1446 577 1.42537602783
1447 578 1.59875210865
1448 579 1.81883674616
1449 580 1.72405215156
1450 581 1.69413203875
1451 582 2.00449782111
1452 583 2.08065720822
1453 584 1.96860343232
1454 585 2.07800722568
1455 586 2.38267536357
1456 587 2.38235635286
1457 588 3.19732367448
1458 588 3.19732367448
1459 588 3.19732367448
1460 588 3.19732367448
