1 0 13.4881117669
2 0 13.4881117669
3 0 13.4881117669
4 0 13.4881117669
5 0 13.4881117669
6 0 13.4881117669
7 1 16.2436871756
8 2 15.2755912167
9 3 12.8200273225
10 4 11.268794719
11 5 9.81827946804
12 6 8.90819136618
13 7 8.63067202266
14 8 8.79855909861
15 9 9.70612232471
16 10 11.1611084116
17 11 13.4249482938
18 12 14.1168867996
19 13 15.6620659288
20 14 13.941853555
21 15 12.3750474605
22 16 14.549090634
23 17 15.109868643
24 18 12.6135854153
25 19 13.1837836877
26 20 15.9964558724
27 21 15.3097477131
28 22 13.7686696076
29 23 16.1671974702
30 24 18.2424567868
31 25 16.2554867378
32 26 16.6548664603
33 27 19.7594492905
34 28 18.7116973389
35 29 15.8924219227
36 30 15.1064284087
37 31 12.1529349126
38 32 10.294976241
39 33 8.66619298873
40 34 11.0979343918
41 35 12.1652159915
42 36 9.323487805
43 37 9.75969195978
44 38 12.478083575
45 39 11.703820668
46 40 9.81630373067
47 41 11.7827056782
48 42 13.8665810809
49 43 12.7969086067
50 44 12.8237620647
51 45 15.3654011563
52 46 16.312461255
53 47 15.3491324252
54 48 15.0116781565
55 49 12.7992489746
56 50 10.7557722708
57 51 8.97509756546
58 52 6.35511595961
59 53 6.33574009716
60 54 5.55520837548
61 55 7.96654017198
62 56 8.34798129864
63 57 9.96119364558
64 58 9.12263962895
65 59 6.51324544373
66 60 5.37546059124
67 61 2.97023362197
68 62 3.36061573108
69 63 4.16206990795
70 64 7.04585448938
71 65 8.57607682122
72 66 11.3643205319
73 67 11.9371457543
74 68 11.7614518369
75 69 10.3686648691
76 70 8.03483657556
77 71 7.81758976108
78 72 6.85002101246
79 73 8.55161270798
80 74 10.0990911481
81 75 12.6039194281
82 76 14.0004527942
83 77 12.9639159223
84 78 11.1108225451
85 79 8.51553305866
86 80 7.75405358135
87 81 5.53482485133
88 82 6.92807115803
89 83 7.29234127667
90 84 9.31074194618
91 85 10.1715443307
92 86 12.8574487376
