1 0 15.4697438295
2 0 15.4697438295
3 0 15.4697438295
4 0 15.4697438295
5 0 15.4697438295
6 0 15.4697438295
7 0 15.4697438295
8 0 15.4697438295
9 0 15.4697438295
10 0 15.4697438295
11 0 15.4697438295
12 0 15.4697438295
13 0 15.4697438295
14 0 15.4697438295
15 0 15.4697438295
16 0 15.4697438295
17 0 15.4697438295
18 0 15.4697438295
19 0 15.4697438295
20 0 15.4697438295
21 0 15.4697438295
22 0 15.4697438295
23 0 15.4697438295
24 0 15.4697438295
25 0 15.4697438295
26 0 15.4697438295
27 0 15.4697438295
28 0 15.4697438295
29 0 15.4697438295
30 0 15.4697438295
31 0 15.4697438295
32 0 15.4697438295
33 0 15.4697438295
34 0 15.4697438295
35 0 15.4697438295
36 0 15.4697438295
37 0 15.4697438295
38 0 15.4697438295
39 0 15.4697438295
40 0 15.4697438295
41 0 15.4697438295
42 0 15.4697438295
43 0 15.4697438295
44 0 15.4697438295
45 0 15.4697438295
46 0 15.4697438295
47 0 15.4697438295
48 0 15.4697438295
49 0 15.4697438295
50 0 15.4697438295
51 0 15.4697438295
52 0 15.4697438295
53 0 15.4697438295
54 0 15.4697438295
55 0 15.4697438295
56 0 15.4697438295
57 0 15.4697438295
58 0 15.4697438295
59 0 15.4697438295
60 0 15.4697438295
61 0 15.4697438295
62 0 15.4697438295
63 0 15.4697438295
64 0 15.4697438295
65 0 15.4697438295
66 0 15.4697438295
67 0 15.4697438295
68 0 15.4697438295
69 0 15.4697438295
70 0 15.4697438295
71 0 15.4697438295
72 0 15.4697438295
73 0 15.4697438295
74 0 15.4697438295
75 0 15.4697438295
76 0 15.4697438295
77 0 15.4697438295
78 0 15.4697438295
79 0 15.4697438295
80 0 15.4697438295
81 0 15.4697438295
82 0 15.4697438295
83 0 15.4697438295
84 0 15.4697438295
85 0 15.4697438295
86 0 15.4697438295
87 0 15.4697438295
88 0 15.4697438295
89 0 15.4697438295
90 0 15.4697438295
91 0 15.4697438295
92 0 15.4697438295
93 0 15.4697438295
94 0 15.4697438295
95 0 15.4697438295
96 0 15.4697438295
97 0 15.4697438295
98 0 15.4697438295
99 0 15.4697438295
100 0 15.4697438295
101 1 12.1450172074
102 1 12.1450172074
103 1 12.1450172074
104 1 12.1450172074
105 1 12.1450172074
106 1 12.1450172074
107 1 12.1450172074
108 1 12.1450172074
109 1 12.1450172074
110 1 12.1450172074
111 1 12.1450172074
112 1 12.1450172074
113 1 12.1450172074
114 1 12.1450172074
115 1 12.1450172074
116 1 12.1450172074
117 1 12.1450172074
118 1 12.1450172074
119 1 12.1450172074
120 1 12.1450172074
121 1 12.1450172074
122 1 12.1450172074
123 1 12.1450172074
124 1 12.1450172074
125 1 12.1450172074
126 1 12.1450172074
127 1 12.1450172074
128 1 12.1450172074
129 1 12.1450172074
130 1 12.1450172074
131 1 12.1450172074
132 1 12.1450172074
133 1 12.1450172074
134 1 12.1450172074
135 1 12.1450172074
136 1 12.1450172074
137 1 12.1450172074
138 1 12.1450172074
139 1 12.1450172074
140 1 12.1450172074
141 1 12.1450172074
142 1 12.1450172074
143 1 12.1450172074
144 1 12.1450172074
145 1 12.1450172074
146 1 12.1450172074
147 1 12.1450172074
148 1 12.1450172074
149 1 12.1450172074
150 1 12.1450172074
151 1 12.1450172074
152 1 12.1450172074
153 1 12.1450172074
154 1 12.1450172074
155 1 12.1450172074
156 1 12.1450172074
157 1 12.1450172074
158 1 12.1450172074
159 1 12.1450172074
160 1 12.1450172074
161 1 12.1450172074
162 1 12.1450172074
163 1 12.1450172074
164 1 12.1450172074
165 1 12.1450172074
166 1 12.1450172074
167 1 12.1450172074
168 1 12.1450172074
169 1 12.1450172074
170 1 12.1450172074
171 1 12.1450172074
172 1 12.1450172074
173 1 12.1450172074
174 1 12.1450172074
175 1 12.1450172074
176 1 12.1450172074
177 1 12.1450172074
178 1 12.1450172074
179 1 12.1450172074
180 1 12.1450172074
181 1 12.1450172074
182 1 12.1450172074
183 1 12.1450172074
184 1 12.1450172074
185 1 12.1450172074
186 1 12.1450172074
187 1 12.1450172074
188 1 12.1450172074
189 1 12.1450172074
190 1 12.1450172074
191 1 12.1450172074
192 1 12.1450172074
193 1 12.1450172074
194 1 12.1450172074
195 1 12.1450172074
196 1 12.1450172074
197 1 12.1450172074
198 1 12.1450172074
199 1 12.1450172074
200 1 12.1450172074
201 2 13.9168960227
202 2 13.9168960227
203 2 13.9168960227
204 2 13.9168960227
205 2 13.9168960227
206 2 13.9168960227
207 2 13.9168960227
208 2 13.9168960227
209 2 13.9168960227
210 2 13.9168960227
211 2 13.9168960227
212 2 13.9168960227
213 2 13.9168960227
214 2 13.9168960227
215 2 13.9168960227
216 2 13.9168960227
217 2 13.9168960227
218 2 13.9168960227
219 2 13.9168960227
220 2 13.9168960227
221 2 13.9168960227
222 2 13.9168960227
223 2 13.9168960227
224 2 13.9168960227
225 2 13.9168960227
226 2 13.9168960227
227 2 13.9168960227
228 2 13.9168960227
229 2 13.9168960227
230 2 13.9168960227
231 2 13.9168960227
232 2 13.9168960227
233 2 13.9168960227
234 2 13.9168960227
235 2 13.9168960227
236 2 13.9168960227
237 2 13.9168960227
238 2 13.9168960227
239 2 13.9168960227
240 2 13.9168960227
241 2 13.9168960227
242 2 13.9168960227
243 2 13.9168960227
244 2 13.9168960227
245 2 13.9168960227
246 2 13.9168960227
247 2 13.9168960227
248 2 13.9168960227
249 2 13.9168960227
250 2 13.9168960227
251 2 13.9168960227
252 2 13.9168960227
253 2 13.9168960227
254 2 13.9168960227
255 2 13.9168960227
256 2 13.9168960227
257 2 13.9168960227
258 2 13.9168960227
259 2 13.9168960227
260 2 13.9168960227
261 2 13.9168960227
262 2 13.9168960227
263 2 13.9168960227
264 2 13.9168960227
265 2 13.9168960227
266 2 13.9168960227
267 2 13.9168960227
268 2 13.9168960227
269 2 13.9168960227
270 2 13.9168960227
271 2 13.9168960227
272 2 13.9168960227
273 2 13.9168960227
274 2 13.9168960227
275 2 13.9168960227
276 2 13.9168960227
277 2 13.9168960227
278 2 13.9168960227
279 2 13.9168960227
280 2 13.9168960227
281 2 13.9168960227
282 2 13.9168960227
283 2 13.9168960227
284 2 13.9168960227
285 2 13.9168960227
286 2 13.9168960227
287 2 13.9168960227
288 2 13.9168960227
289 2 13.9168960227
290 2 13.9168960227
291 2 13.9168960227
292 2 13.9168960227
293 2 13.9168960227
294 2 13.9168960227
295 2 13.9168960227
296 2 13.9168960227
297 2 13.9168960227
298 2 13.9168960227
299 2 13.9168960227
300 2 13.9168960227
301 3 16.1329131517
302 3 16.1329131517
303 3 16.1329131517
304 3 16.1329131517
305 3 16.1329131517
306 3 16.1329131517
307 3 16.1329131517
308 3 16.1329131517
309 3 16.1329131517
310 3 16.1329131517
311 3 16.1329131517
312 3 16.1329131517
313 3 16.1329131517
314 3 16.1329131517
315 3 16.1329131517
316 3 16.1329131517
317 3 16.1329131517
318 3 16.1329131517
319 3 16.1329131517
320 3 16.1329131517
321 3 16.1329131517
322 3 16.1329131517
323 3 16.1329131517
324 3 16.1329131517
325 3 16.1329131517
326 3 16.1329131517
327 3 16.1329131517
328 3 16.1329131517
329 3 16.1329131517
330 3 16.1329131517
331 3 16.1329131517
332 3 16.1329131517
333 3 16.1329131517
334 3 16.1329131517
335 3 16.1329131517
336 3 16.1329131517
337 3 16.1329131517
338 3 16.1329131517
339 3 16.1329131517
340 3 16.1329131517
341 3 16.1329131517
342 3 16.1329131517
343 3 16.1329131517
344 3 16.1329131517
345 3 16.1329131517
346 3 16.1329131517
347 3 16.1329131517
348 3 16.1329131517
349 3 16.1329131517
350 3 16.1329131517
351 3 16.1329131517
352 3 16.1329131517
353 3 16.1329131517
354 3 16.1329131517
355 3 16.1329131517
356 3 16.1329131517
357 3 16.1329131517
358 3 16.1329131517
359 3 16.1329131517
360 3 16.1329131517
361 3 16.1329131517
362 3 16.1329131517
363 3 16.1329131517
364 3 16.1329131517
365 3 16.1329131517
366 3 16.1329131517
367 3 16.1329131517
368 3 16.1329131517
369 3 16.1329131517
370 3 16.1329131517
371 3 16.1329131517
372 3 16.1329131517
373 3 16.1329131517
374 3 16.1329131517
375 3 16.1329131517
376 3 16.1329131517
377 3 16.1329131517
378 3 16.1329131517
379 3 16.1329131517
380 3 16.1329131517
381 3 16.1329131517
382 3 16.1329131517
383 3 16.1329131517
384 3 16.1329131517
385 3 16.1329131517
386 3 16.1329131517
387 3 16.1329131517
388 3 16.1329131517
389 3 16.1329131517
390 3 16.1329131517
391 3 16.1329131517
392 3 16.1329131517
393 3 16.1329131517
394 3 16.1329131517
395 3 16.1329131517
396 3 16.1329131517
397 3 16.1329131517
398 3 16.1329131517
399 3 16.1329131517
400 3 16.1329131517
401 4 13.0542857602
402 4 13.0542857602
403 4 13.0542857602
404 4 13.0542857602
405 4 13.0542857602
406 4 13.0542857602
407 4 13.0542857602
408 4 13.0542857602
409 4 13.0542857602
410 4 13.0542857602
411 4 13.0542857602
412 4 13.0542857602
413 4 13.0542857602
414 4 13.0542857602
415 4 13.0542857602
416 4 13.0542857602
417 4 13.0542857602
418 4 13.0542857602
419 4 13.0542857602
420 4 13.0542857602
421 4 13.0542857602
422 4 13.0542857602
423 4 13.0542857602
424 4 13.0542857602
425 4 13.0542857602
426 4 13.0542857602
427 4 13.0542857602
428 4 13.0542857602
429 4 13.0542857602
430 4 13.0542857602
431 4 13.0542857602
432 4 13.0542857602
433 4 13.0542857602
434 4 13.0542857602
435 4 13.0542857602
436 4 13.0542857602
437 4 13.0542857602
438 4 13.0542857602
439 4 13.0542857602
440 4 13.0542857602
441 4 13.0542857602
442 4 13.0542857602
443 4 13.0542857602
444 4 13.0542857602
445 4 13.0542857602
446 4 13.0542857602
447 4 13.0542857602
448 4 13.0542857602
449 4 13.0542857602
450 4 13.0542857602
451 4 13.0542857602
452 4 13.0542857602
453 4 13.0542857602
454 4 13.0542857602
455 4 13.0542857602
456 4 13.0542857602
457 4 13.0542857602
458 4 13.0542857602
459 4 13.0542857602
460 4 13.0542857602
461 4 13.0542857602
462 4 13.0542857602
463 4 13.0542857602
464 4 13.0542857602
465 4 13.0542857602
466 4 13.0542857602
467 4 13.0542857602
468 4 13.0542857602
469 4 13.0542857602
470 4 13.0542857602
471 4 13.0542857602
472 4 13.0542857602
473 4 13.0542857602
474 4 13.0542857602
475 4 13.0542857602
476 4 13.0542857602
477 4 13.0542857602
478 4 13.0542857602
479 4 13.0542857602
480 4 13.0542857602
481 4 13.0542857602
482 4 13.0542857602
483 4 13.0542857602
484 4 13.0542857602
485 4 13.0542857602
486 4 13.0542857602
487 4 13.0542857602
488 4 13.0542857602
489 4 13.0542857602
490 4 13.0542857602
491 4 13.0542857602
492 4 13.0542857602
493 4 13.0542857602
494 4 13.0542857602
495 4 13.0542857602
496 4 13.0542857602
497 4 13.0542857602
498 4 13.0542857602
499 4 13.0542857602
500 4 13.0542857602
501 5 9.73179534002
502 5 9.73179534002
503 5 9.73179534002
504 5 9.73179534002
505 5 9.73179534002
506 5 9.73179534002
507 5 9.73179534002
508 5 9.73179534002
509 5 9.73179534002
510 5 9.73179534002
511 5 9.73179534002
512 5 9.73179534002
513 5 9.73179534002
514 5 9.73179534002
515 5 9.73179534002
516 5 9.73179534002
517 5 9.73179534002
518 5 9.73179534002
519 5 9.73179534002
520 5 9.73179534002
521 5 9.73179534002
522 5 9.73179534002
523 5 9.73179534002
524 5 9.73179534002
525 5 9.73179534002
526 5 9.73179534002
527 5 9.73179534002
528 5 9.73179534002
529 5 9.73179534002
530 5 9.73179534002
531 5 9.73179534002
532 5 9.73179534002
533 5 9.73179534002
534 5 9.73179534002
535 5 9.73179534002
536 5 9.73179534002
537 5 9.73179534002
538 5 9.73179534002
539 5 9.73179534002
540 5 9.73179534002
541 5 9.73179534002
542 5 9.73179534002
543 5 9.73179534002
544 5 9.73179534002
545 5 9.73179534002
546 5 9.73179534002
547 5 9.73179534002
548 5 9.73179534002
549 5 9.73179534002
550 5 9.73179534002
551 5 9.73179534002
552 5 9.73179534002
553 5 9.73179534002
554 5 9.73179534002
555 5 9.73179534002
556 5 9.73179534002
557 5 9.73179534002
558 5 9.73179534002
559 5 9.73179534002
560 5 9.73179534002
561 5 9.73179534002
562 5 9.73179534002
563 5 9.73179534002
564 5 9.73179534002
565 5 9.73179534002
566 5 9.73179534002
567 5 9.73179534002
568 5 9.73179534002
569 5 9.73179534002
570 5 9.73179534002
571 5 9.73179534002
572 5 9.73179534002
573 5 9.73179534002
574 5 9.73179534002
575 5 9.73179534002
576 5 9.73179534002
577 5 9.73179534002
578 5 9.73179534002
579 5 9.73179534002
580 5 9.73179534002
581 5 9.73179534002
582 5 9.73179534002
583 5 9.73179534002
584 5 9.73179534002
585 5 9.73179534002
586 5 9.73179534002
587 5 9.73179534002
588 5 9.73179534002
589 5 9.73179534002
590 5 9.73179534002
591 5 9.73179534002
592 5 9.73179534002
593 5 9.73179534002
594 5 9.73179534002
595 5 9.73179534002
596 5 9.73179534002
597 5 9.73179534002
598 5 9.73179534002
599 5 9.73179534002
600 5 9.73179534002
601 6 9.14099087318
602 6 9.14099087318
603 6 9.14099087318
604 6 9.14099087318
605 6 9.14099087318
606 6 9.14099087318
607 6 9.14099087318
608 6 9.14099087318
609 6 9.14099087318
610 6 9.14099087318
611 6 9.14099087318
612 6 9.14099087318
613 6 9.14099087318
614 6 9.14099087318
615 6 9.14099087318
616 6 9.14099087318
617 6 9.14099087318
618 6 9.14099087318
619 6 9.14099087318
620 6 9.14099087318
621 6 9.14099087318
622 6 9.14099087318
623 6 9.14099087318
624 6 9.14099087318
625 6 9.14099087318
626 6 9.14099087318
627 6 9.14099087318
628 6 9.14099087318
629 6 9.14099087318
630 6 9.14099087318
631 6 9.14099087318
632 6 9.14099087318
633 6 9.14099087318
634 6 9.14099087318
635 6 9.14099087318
636 6 9.14099087318
637 7 3.8383171786
638 8 5.20807579528
639 9 6.33813891376
640 10 4.17762149423
641 11 3.96059326627
642 12 6.25165653934
643 13 5.55950297679
644 14 3.44639509337
645 15 5.21783280695
646 16 6.73513222971
647 17 4.98006423202
648 18 4.15989619876
649 19 6.57867687516
650 20 6.78733864095
651 21 4.56027629233
652 22 5.15177135564
653 23 7.28750018835
654 24 5.88731823309
655 25 4.00262403476
656 26 6.14711198519
657 27 6.61326870376
658 28 4.24783217556
659 29 4.39181040708
660 30 6.51180784776
661 31 5.46565161183
662 32 3.59422419914
663 33 5.65323687129
664 34 6.44816688797
665 35 4.19082491905
666 36 4.47723157407
667 37 6.56182751016
668 38 5.41198019196
669 39 3.6717807718
670 40 5.67922453748
671 41 6.67303854479
672 42 4.62727341
673 43 4.48777753885
674 44 6.59437296652
675 45 5.49160383104
676 46 3.61510525288
677 47 5.55846560903
678 48 6.11373143341
679 49 3.84724129632
680 50 4.46180101182
681 51 6.21392968066
682 52 5.04930925819
683 53 3.36685063874
684 54 5.22608591406
685 55 5.70939011506
686 56 3.59266884792
687 57 3.92375643687
688 58 5.82846360795
689 59 4.72555280946
690 60 3.06398421728
691 61 4.98816921571
692 62 5.52095364694
693 63 3.47968141968
694 64 3.95069702006
695 65 5.81890263258
696 66 4.6018884725
697 67 3.19389082163
698 68 5.33960089411
699 69 5.87463612527
700 70 3.73394972825
701 71 4.04973344812
702 72 6.06386236964
703 73 5.04651908246
704 74 3.7721648662
705 75 6.12348136123
706 76 6.92185860334
707 77 4.7672923378
708 78 4.838715709
709 79 7.22640928479
710 80 6.57576796646
711 81 4.39632754386
712 82 6.33400968935
713 83 7.57309667891
714 84 5.70146605658
715 85 5.74454197046
716 86 7.8433880675
717 87 6.86212699043
718 88 4.73711418455
719 89 6.48104297924
720 90 7.25067965441
721 91 5.01187639641
722 92 4.89367654526
723 93 6.96592616486
724 94 6.05947992915
725 95 3.9324425001
726 96 5.34810527473
727 97 6.08391017495
728 98 6.41265717835
729 98 6.41265717835
730 98 6.41265717835
731 98 6.41265717835
732 98 6.41265717835
733 98 6.41265717835
734 98 6.41265717835
735 98 6.41265717835
736 98 6.41265717835
737 98 6.41265717835
738 99 5.85843263848
739 99 5.85843263848
740 99 5.85843263848
741 99 5.85843263848
742 100 2.27048411333
743 101 2.46580773609
744 102 2.20263387011
745 103 1.82728076667
746 104 2.04756152528
747 105 2.07392378181
748 106 1.71155887632
749 107 1.61029996968
750 108 1.77609115615
751 109 1.7403179874
752 110 1.46261001562
753 111 1.49820232901
754 112 1.60706789855
755 113 1.50262163676
756 114 1.44016218967
757 115 1.49036905076
758 116 1.54531187603
759 117 1.4870145285
760 118 1.49263637273
761 119 1.54204390201
762 120 1.62620602705
763 121 1.64093579014
764 122 1.6117234162
765 123 1.78186870369
766 124 1.85717439476
767 125 1.86905038687
768 126 1.91143164295
769 127 2.10669641168
770 128 2.15793456415
771 129 2.13689298236
772 130 2.3278121695
773 131 2.45842606627
774 132 2.42813527356
775 133 2.46677573626
776 134 2.70906154116
777 135 2.77709317412
778 136 2.71307867286
779 137 10.3347928828
780 137 10.3347928828
781 137 10.3347928828
782 137 10.3347928828
783 137 10.3347928828
784 137 10.3347928828
785 137 10.3347928828
786 137 10.3347928828
787 137 10.3347928828
788 138 3.59431864291
789 139 3.22746471127
790 140 3.03469143479
791 141 3.3699055131
792 142 3.19925013386
793 143 2.64745769522
794 144 2.85286439024
795 145 3.75669660941
796 146 2.87998429092
797 147 2.12324278252
798 148 3.50299197132
799 149 3.68440458104
800 150 1.89106745954
801 151 2.86961856438
802 152 4.46230498233
803 153 3.15811221624
804 154 1.83545452064
805 155 4.19855641903
806 156 4.48090251548
807 157 2.12025226152
808 158 3.26110708917
809 159 5.32299210092
810 160 4.45355208344
811 161 2.35278012043
812 162 4.71280874282
813 163 5.55867397307
814 164 3.31763416734
815 165 3.56527098233
816 166 5.89547977619
817 167 4.8823307981
818 168 3.13927102945
819 169 5.55285991771
820 170 5.79996787183
821 171 3.39105291849
822 172 4.56106826024
823 173 5.64850208649
