1 0 22.1322641213
2 1 28.5186401746
3 2 28.6404631858
4 3 27.6303548099
5 4 27.7310143849
6 5 27.1639913084
7 6 25.1816438739
8 7 23.9752745911
9 8 23.8146073812
10 9 21.98329232
11 10 21.8732071067
12 11 20.8871153831
13 12 20.3178011145
14 13 20.1685481048
15 14 19.4657221097
16 15 17.8812180681
17 16 16.5409373241
18 17 15.4228243807
19 18 15.5125882843
20 19 15.0309946399
21 20 15.6435687689
22 21 15.6108912495
23 22 15.5832848233
24 23 16.4858733201
25 24 17.2438207866
26 25 18.2377574035
27 26 19.1586511523
28 27 19.5207400536
29 28 19.2996616104
30 29 20.4083223351
31 30 20.2277753967
32 31 20.7544515187
33 32 21.765102148
34 33 21.8328622074
35 34 22.876613159
36 35 23.2703746325
37 36 23.3130500817
38 37 22.5925593058
39 38 22.0350315682
40 39 21.6784372054
41 40 21.2655761874
42 41 20.2360668406
43 42 20.5151040794
44 43 19.8112231775
45 44 20.6982668288
46 45 19.8441114473
47 46 21.2746538831
48 47 21.7213430822
49 48 20.3183862638
50 49 20.6304292696
51 50 20.2480389234
52 51 21.2284225632
53 52 20.6492559973
54 53 21.2277677136
55 54 20.4776184508
56 55 20.8634005049
57 56 22.092378975
58 57 21.8163420485
59 58 22.212848926
60 59 21.8736752273
61 60 21.9842913016
62 61 21.0558003878
63 62 20.5626095855
64 63 19.2074382164
65 64 19.2078623955
66 65 19.5959302428
67 66 18.3859356263
68 67 17.6172302522
69 68 18.6513854003
70 69 18.4860340022
71 70 17.0291386031
72 71 17.3167186663
73 72 18.998718994
74 73 19.7393959088
75 74 21.4035580862
76 75 20.8624002631
77 76 20.6513767485
78 77 20.0068104629
79 78 21.4029520739
80 79 21.8201197164
81 80 23.0281953645
82 81 23.5968560079
83 82 23.2645512476
84 83 23.816869231
85 84 23.3992796225
86 85 23.6671266609
87 86 23.3010496261
88 87 23.4995872006
89 88 23.2178144793
90 89 23.0897989549
91 90 23.2861499354
92 91 22.9175851808
93 92 22.9775372726
94 93 23.3248312264
95 94 24.8962440475
96 95 25.5882085722
97 96 25.452620353
98 97 25.3599721897
99 98 24.3635499837
100 99 24.9038186057
101 100 24.4028622818
102 101 24.7334035609
103 102 24.5188107949
104 103 24.8906915303
105 104 25.9007347704
106 105 26.2328407717
107 106 26.1354817735
108 107 26.025145124
109 108 26.1433450668
110 109 25.537744463
111 110 26.0953304571
112 111 24.9272075408
113 112 25.9062040681
114 113 26.737275927
115 114 25.795142199
116 115 26.9587878025
117 116 27.1635200262
118 117 26.4528816575
119 118 27.3210161324
120 119 27.3805673035
121 120 27.7503554145
122 121 27.9037670862
123 122 27.5435293951
124 123 27.297712146
125 124 27.9431346134
126 125 26.983345911
127 126 25.866213234
128 127 25.3362837925
129 128 24.3919217717
130 129 24.1178687059
131 130 24.5096592139
132 131 24.1689609607
133 132 24.716069177
134 133 24.9135272706
135 134 26.0390969396
136 135 27.4073089588
137 136 27.1466883263
138 137 26.3045824936
139 138 25.9165082506
140 139 25.8444592352
141 140 25.4646353403
142 141 26.0117747603
143 142 25.7758841557
144 143 26.6781310849
145 144 26.2596204234
146 145 26.9214002426
147 146 26.5551867348
148 147 27.2859886509
149 148 27.586267837
150 149 27.9887593336
151 150 28.78513686
152 151 28.3871350352
153 152 29.7298739235
154 153 30.6038849135
155 154 29.6380452583
156 155 30.0529508212
157 156 29.1841870442
158 157 29.1231989968
159 158 28.5594262843
160 159 27.7990936197
161 160 27.4445812151
162 161 27.3974469631
163 162 26.8166168638
164 163 25.740520883
165 164 24.7421779714
166 165 23.9260764879
167 166 24.0630803025
168 167 23.3388468031
169 168 23.8047547321
170 169 23.3926746083
171 170 24.4043603787
172 171 25.1645267626
173 172 24.859311371
174 173 25.0046007342
175 174 24.5698311248
176 175 25.015745918
177 176 24.775824544
178 177 25.8259101622
179 178 26.1164815465
180 179 26.9115658938
181 180 25.8175021488
182 181 26.3743366521
183 182 25.7702111809
184 183 26.2203895409
185 184 25.8745153858
186 185 26.5365041063
187 186 26.7110404172
188 187 26.5716066761
189 188 27.505159375
190 189 27.9774995775
191 190 28.1979169304
192 191 28.6165941738
193 192 27.9790420579
194 193 28.4203312324
195 194 28.0662944249
196 195 27.578160738
197 196 27.6408632793
198 197 27.5727732066
199 198 27.5007041113
200 199 27.4976317243
201 200 26.9106834134
202 201 27.8601658428
203 202 29.0709621999
204 203 28.299058407
205 204 26.7253957563
206 205 27.5080008467
207 206 27.9164573085
208 207 26.3839316795
209 208 26.6838960935
210 209 26.0922037956
211 210 25.8589513118
212 211 25.0253286287
213 212 24.4351548772
214 213 24.4716645645
215 214 24.1695603337
216 215 23.1053915724
217 216 22.5910854354
218 217 22.6869568136
219 218 21.8374892892
220 219 22.2440176293
221 220 21.3674143471
222 221 22.4930870964
223 222 23.9964514
224 223 24.5990746393
225 224 23.4038207232
226 225 22.8245564818
227 226 21.9610948325
228 227 22.6178620883
229 228 22.3336577265
230 229 23.2193290892
231 230 23.0979609121
232 231 23.6261826599
233 232 24.0223407202
234 233 23.6206589449
235 234 24.2318764817
236 235 24.0520868675
237 236 24.0791991812
238 237 23.9496309639
239 238 23.5037259418
240 239 23.3023422023
241 240 22.5730062314
242 241 22.1245437082
243 242 21.7289980115
244 243 22.2143729889
245 244 22.0026177433
246 245 22.5048278841
247 246 22.0160072693
248 247 23.0159197656
249 248 23.018003744
250 249 24.3078369317
251 250 25.1077869684
252 251 26.3719749873
253 252 27.9614391556
254 253 29.4601857588
255 254 29.4429590015
256 255 28.8790505356
257 256 27.1297140361
258 257 26.8547604158
259 258 25.542661808
260 259 24.8519323519
261 260 23.7228429846
262 261 22.1367607988
263 262 21.2730233784
264 263 19.9004060155
265 264 19.3548198797
266 265 18.6427336917
267 266 19.190710362
268 267 19.7939681077
269 268 19.3841783296
270 269 19.6460196138
271 270 20.5503043925
272 271 20.8825093266
273 272 21.9809738091
274 273 21.7841808787
275 274 22.4927947502
276 275 21.9830703188
277 276 21.515852384
278 277 20.5191544808
279 278 19.6558580031
280 279 19.3246259833
281 280 18.537504407
282 281 18.9414564861
283 282 18.4109285359
284 283 19.7398333118
285 284 19.930251667
286 285 18.7983605634
287 286 20.1317139834
288 287 21.4470635532
289 288 22.2916800964
290 289 22.6656948912
291 290 21.2538368001
292 291 20.0026754902
293 292 18.7983910007
294 293 18.5591549914
295 294 17.4383116339
296 295 18.0912286066
297 296 18.0860792359
298 297 19.2813875815
299 298 20.0905220061
300 299 20.0050891237
301 300 18.5226877038
302 301 16.9795288901
303 302 16.5957349896
304 303 16.4530981737
305 304 17.3503471818
306 305 17.773784932
307 306 19.2938043079
308 307 20.0217480263
309 308 21.3971980548
310 309 22.7783867114
311 310 21.9775287198
312 311 20.2976423578
313 312 19.35418197
314 313 18.5473808654
315 314 17.934182317
316 315 19.1956789579
317 316 18.0418703184
318 317 16.7302163852
319 318 16.0558032493
320 319 15.9565067537
321 320 15.4658883632
322 321 14.9601900014
323 322 15.1183167859
324 323 15.5089128222
325 324 15.3426626779
326 325 16.1879505498
327 326 16.8975339569
328 327 16.7757053318
329 328 18.0139415916
330 329 18.8597551234
331 330 18.0077795136
332 331 18.537036588
333 332 17.6663028771
334 333 17.6423950346
335 334 18.2619808272
336 335 18.4614086614
337 336 19.9272256665
338 337 19.6298766164
339 338 18.4456105494
340 339 18.367470251
341 340 17.6799158548
342 341 17.4971405044
343 342 17.7761925563
344 343 18.4986546419
345 344 18.2864050849
346 345 18.6770770915
347 346 18.7171292415
348 347 18.3532681218
349 347 18.3532681218
350 347 18.3532681218
351 347 18.3532681218
352 347 18.3532681218
353 347 18.3532681218
354 347 18.3532681218
355 347 18.3532681218
356 347 18.3532681218
357 347 18.3532681218
358 348 18.1126545769
359 348 18.1126545769
360 348 18.1126545769
361 348 18.1126545769
362 349 16.8492860425
363 350 16.6471046734
364 351 16.117149107
365 352 16.1539859664
366 353 16.5638675849
367 354 16.8252698359
368 355 17.8242330893
369 356 17.8612440197
370 357 19.1217278881
371 358 18.3268018179
372 359 18.3633070621
373 360 16.9594855358
374 361 16.5963014737
375 362 15.5279110403
376 363 15.455764269
377 364 15.046867158
378 365 15.5102933607
379 366 15.8731460539
380 367 16.7693169474
381 368 18.0916357729
382 369 26.1642956687
383 369 26.1642956687
384 369 26.1642956687
385 369 26.1642956687
386 369 26.1642956687
387 369 26.1642956687
388 369 26.1642956687
389 369 26.1642956687
390 369 26.1642956687
391 369 26.1642956687
392 369 26.1642956687
393 369 26.1642956687
394 369 26.1642956687
395 369 26.1642956687
396 369 26.1642956687
397 369 26.1642956687
398 369 26.1642956687
399 369 26.1642956687
400 369 26.1642956687
401 369 26.1642956687
402 369 26.1642956687
403 369 26.1642956687
404 369 26.1642956687
405 369 26.1642956687
406 369 26.1642956687
407 369 26.1642956687
408 369 26.1642956687
409 369 26.1642956687
410 369 26.1642956687
411 369 26.1642956687
412 369 26.1642956687
413 369 26.1642956687
414 369 26.1642956687
415 369 26.1642956687
416 369 26.1642956687
417 369 26.1642956687
418 369 26.1642956687
419 369 26.1642956687
420 369 26.1642956687
421 369 26.1642956687
422 369 26.1642956687
423 369 26.1642956687
424 369 26.1642956687
425 369 26.1642956687
426 369 26.1642956687
427 369 26.1642956687
428 369 26.1642956687
429 369 26.1642956687
430 369 26.1642956687
431 369 26.1642956687
432 369 26.1642956687
433 369 26.1642956687
434 369 26.1642956687
435 369 26.1642956687
436 369 26.1642956687
437 369 26.1642956687
438 369 26.1642956687
439 369 26.1642956687
440 369 26.1642956687
441 369 26.1642956687
442 369 26.1642956687
443 369 26.1642956687
444 369 26.1642956687
445 369 26.1642956687
446 369 26.1642956687
447 369 26.1642956687
448 369 26.1642956687
449 369 26.1642956687
450 369 26.1642956687
451 369 26.1642956687
452 369 26.1642956687
453 369 26.1642956687
454 369 26.1642956687
455 369 26.1642956687
456 369 26.1642956687
457 369 26.1642956687
458 369 26.1642956687
459 369 26.1642956687
460 369 26.1642956687
461 369 26.1642956687
462 369 26.1642956687
463 369 26.1642956687
464 369 26.1642956687
465 369 26.1642956687
466 369 26.1642956687
467 369 26.1642956687
468 369 26.1642956687
469 369 26.1642956687
470 369 26.1642956687
471 369 26.1642956687
472 369 26.1642956687
473 369 26.1642956687
474 369 26.1642956687
475 369 26.1642956687
476 369 26.1642956687
477 369 26.1642956687
478 369 26.1642956687
479 369 26.1642956687
480 369 26.1642956687
481 369 26.1642956687
482 370 27.1355672536
483 370 27.1355672536
484 370 27.1355672536
485 370 27.1355672536
486 370 27.1355672536
487 370 27.1355672536
488 370 27.1355672536
489 370 27.1355672536
490 370 27.1355672536
491 370 27.1355672536
492 370 27.1355672536
493 370 27.1355672536
494 370 27.1355672536
495 370 27.1355672536
496 370 27.1355672536
497 370 27.1355672536
498 370 27.1355672536
499 370 27.1355672536
500 370 27.1355672536
501 370 27.1355672536
502 370 27.1355672536
503 370 27.1355672536
504 370 27.1355672536
505 370 27.1355672536
506 370 27.1355672536
507 370 27.1355672536
508 370 27.1355672536
509 370 27.1355672536
510 370 27.1355672536
511 370 27.1355672536
512 370 27.1355672536
513 370 27.1355672536
514 370 27.1355672536
515 370 27.1355672536
516 370 27.1355672536
517 370 27.1355672536
518 370 27.1355672536
519 370 27.1355672536
520 370 27.1355672536
521 370 27.1355672536
522 370 27.1355672536
523 370 27.1355672536
524 370 27.1355672536
525 370 27.1355672536
526 370 27.1355672536
527 370 27.1355672536
528 370 27.1355672536
529 370 27.1355672536
530 370 27.1355672536
531 370 27.1355672536
532 370 27.1355672536
533 370 27.1355672536
534 370 27.1355672536
535 370 27.1355672536
536 370 27.1355672536
537 370 27.1355672536
538 370 27.1355672536
539 370 27.1355672536
540 370 27.1355672536
541 370 27.1355672536
542 370 27.1355672536
543 370 27.1355672536
544 370 27.1355672536
545 370 27.1355672536
546 370 27.1355672536
547 370 27.1355672536
548 370 27.1355672536
549 370 27.1355672536
550 370 27.1355672536
551 370 27.1355672536
552 370 27.1355672536
553 370 27.1355672536
554 370 27.1355672536
555 370 27.1355672536
556 370 27.1355672536
557 370 27.1355672536
558 370 27.1355672536
559 370 27.1355672536
560 370 27.1355672536
561 370 27.1355672536
562 370 27.1355672536
563 370 27.1355672536
564 370 27.1355672536
565 370 27.1355672536
566 370 27.1355672536
567 370 27.1355672536
568 370 27.1355672536
569 370 27.1355672536
570 370 27.1355672536
571 370 27.1355672536
572 370 27.1355672536
573 370 27.1355672536
574 370 27.1355672536
575 370 27.1355672536
576 370 27.1355672536
577 370 27.1355672536
578 370 27.1355672536
579 370 27.1355672536
580 370 27.1355672536
581 370 27.1355672536
582 371 23.3016989251
583 371 23.3016989251
584 371 23.3016989251
585 371 23.3016989251
586 371 23.3016989251
587 371 23.3016989251
588 371 23.3016989251
589 371 23.3016989251
590 371 23.3016989251
591 371 23.3016989251
592 371 23.3016989251
593 371 23.3016989251
594 371 23.3016989251
595 371 23.3016989251
596 371 23.3016989251
597 371 23.3016989251
598 371 23.3016989251
599 371 23.3016989251
600 371 23.3016989251
601 371 23.3016989251
602 371 23.3016989251
603 371 23.3016989251
604 371 23.3016989251
605 371 23.3016989251
606 371 23.3016989251
607 371 23.3016989251
608 371 23.3016989251
609 371 23.3016989251
610 371 23.3016989251
611 371 23.3016989251
612 371 23.3016989251
613 371 23.3016989251
614 371 23.3016989251
615 371 23.3016989251
616 371 23.3016989251
617 371 23.3016989251
618 371 23.3016989251
619 371 23.3016989251
620 371 23.3016989251
621 371 23.3016989251
622 371 23.3016989251
623 371 23.3016989251
624 371 23.3016989251
625 371 23.3016989251
626 371 23.3016989251
627 371 23.3016989251
628 371 23.3016989251
629 371 23.3016989251
630 371 23.3016989251
631 371 23.3016989251
632 371 23.3016989251
633 371 23.3016989251
634 371 23.3016989251
635 371 23.3016989251
636 371 23.3016989251
637 371 23.3016989251
638 371 23.3016989251
639 371 23.3016989251
640 371 23.3016989251
641 371 23.3016989251
642 371 23.3016989251
643 371 23.3016989251
644 371 23.3016989251
645 371 23.3016989251
646 371 23.3016989251
647 371 23.3016989251
648 371 23.3016989251
649 371 23.3016989251
650 371 23.3016989251
651 371 23.3016989251
652 371 23.3016989251
653 371 23.3016989251
654 371 23.3016989251
655 371 23.3016989251
656 371 23.3016989251
657 371 23.3016989251
658 371 23.3016989251
659 371 23.3016989251
660 371 23.3016989251
661 371 23.3016989251
662 371 23.3016989251
663 371 23.3016989251
664 371 23.3016989251
665 371 23.3016989251
666 371 23.3016989251
667 371 23.3016989251
668 371 23.3016989251
669 371 23.3016989251
670 371 23.3016989251
671 371 23.3016989251
672 371 23.3016989251
673 371 23.3016989251
674 371 23.3016989251
675 371 23.3016989251
676 371 23.3016989251
677 371 23.3016989251
678 371 23.3016989251
679 371 23.3016989251
680 371 23.3016989251
681 371 23.3016989251
682 372 16.7273967227
683 372 16.7273967227
684 372 16.7273967227
685 372 16.7273967227
686 372 16.7273967227
687 372 16.7273967227
688 372 16.7273967227
689 372 16.7273967227
690 372 16.7273967227
691 372 16.7273967227
692 372 16.7273967227
693 372 16.7273967227
694 372 16.7273967227
695 372 16.7273967227
696 372 16.7273967227
697 372 16.7273967227
698 372 16.7273967227
699 372 16.7273967227
700 372 16.7273967227
701 372 16.7273967227
702 372 16.7273967227
703 372 16.7273967227
704 372 16.7273967227
705 372 16.7273967227
706 372 16.7273967227
707 372 16.7273967227
708 372 16.7273967227
709 372 16.7273967227
710 372 16.7273967227
711 372 16.7273967227
712 372 16.7273967227
713 372 16.7273967227
714 372 16.7273967227
715 372 16.7273967227
716 372 16.7273967227
717 372 16.7273967227
718 372 16.7273967227
719 372 16.7273967227
720 372 16.7273967227
721 372 16.7273967227
722 372 16.7273967227
723 372 16.7273967227
724 372 16.7273967227
725 372 16.7273967227
726 372 16.7273967227
727 372 16.7273967227
728 372 16.7273967227
729 372 16.7273967227
730 372 16.7273967227
731 372 16.7273967227
732 372 16.7273967227
733 372 16.7273967227
734 372 16.7273967227
735 372 16.7273967227
736 372 16.7273967227
737 372 16.7273967227
738 372 16.7273967227
739 372 16.7273967227
740 372 16.7273967227
741 372 16.7273967227
742 372 16.7273967227
743 372 16.7273967227
744 372 16.7273967227
745 372 16.7273967227
746 372 16.7273967227
747 372 16.7273967227
748 372 16.7273967227
749 372 16.7273967227
750 372 16.7273967227
751 372 16.7273967227
752 372 16.7273967227
753 372 16.7273967227
754 372 16.7273967227
755 372 16.7273967227
756 372 16.7273967227
757 372 16.7273967227
758 372 16.7273967227
759 372 16.7273967227
760 372 16.7273967227
761 372 16.7273967227
762 372 16.7273967227
763 372 16.7273967227
764 372 16.7273967227
765 372 16.7273967227
766 372 16.7273967227
767 372 16.7273967227
768 372 16.7273967227
769 372 16.7273967227
770 372 16.7273967227
771 372 16.7273967227
772 372 16.7273967227
773 372 16.7273967227
774 372 16.7273967227
775 372 16.7273967227
776 372 16.7273967227
777 372 16.7273967227
778 372 16.7273967227
779 372 16.7273967227
780 372 16.7273967227
781 372 16.7273967227
782 373 10.7408782517
783 373 10.7408782517
784 373 10.7408782517
785 373 10.7408782517
786 373 10.7408782517
787 373 10.7408782517
788 373 10.7408782517
789 373 10.7408782517
790 373 10.7408782517
791 373 10.7408782517
792 373 10.7408782517
793 373 10.7408782517
794 373 10.7408782517
795 373 10.7408782517
796 373 10.7408782517
797 373 10.7408782517
798 373 10.7408782517
799 373 10.7408782517
800 373 10.7408782517
801 373 10.7408782517
802 373 10.7408782517
803 373 10.7408782517
804 373 10.7408782517
805 373 10.7408782517
806 373 10.7408782517
807 373 10.7408782517
808 373 10.7408782517
809 373 10.7408782517
810 373 10.7408782517
811 373 10.7408782517
812 373 10.7408782517
813 373 10.7408782517
814 373 10.7408782517
815 373 10.7408782517
816 373 10.7408782517
817 373 10.7408782517
818 373 10.7408782517
819 373 10.7408782517
820 373 10.7408782517
821 373 10.7408782517
822 373 10.7408782517
823 373 10.7408782517
824 373 10.7408782517
825 373 10.7408782517
826 373 10.7408782517
827 373 10.7408782517
828 373 10.7408782517
829 373 10.7408782517
830 373 10.7408782517
831 373 10.7408782517
832 373 10.7408782517
833 373 10.7408782517
834 373 10.7408782517
835 373 10.7408782517
836 373 10.7408782517
837 373 10.7408782517
838 373 10.7408782517
839 373 10.7408782517
840 373 10.7408782517
841 373 10.7408782517
842 373 10.7408782517
843 373 10.7408782517
844 373 10.7408782517
845 373 10.7408782517
846 373 10.7408782517
847 373 10.7408782517
848 373 10.7408782517
849 373 10.7408782517
850 373 10.7408782517
851 373 10.7408782517
852 373 10.7408782517
853 373 10.7408782517
854 373 10.7408782517
855 373 10.7408782517
856 373 10.7408782517
857 373 10.7408782517
858 373 10.7408782517
859 373 10.7408782517
860 373 10.7408782517
861 373 10.7408782517
862 373 10.7408782517
863 373 10.7408782517
864 373 10.7408782517
865 373 10.7408782517
866 373 10.7408782517
867 373 10.7408782517
868 373 10.7408782517
869 373 10.7408782517
870 373 10.7408782517
871 373 10.7408782517
872 373 10.7408782517
873 373 10.7408782517
874 373 10.7408782517
875 373 10.7408782517
876 373 10.7408782517
877 373 10.7408782517
878 373 10.7408782517
879 373 10.7408782517
880 373 10.7408782517
881 373 10.7408782517
882 374 13.2788590331
883 374 13.2788590331
884 374 13.2788590331
885 374 13.2788590331
886 374 13.2788590331
887 374 13.2788590331
888 374 13.2788590331
889 374 13.2788590331
890 374 13.2788590331
891 374 13.2788590331
892 374 13.2788590331
893 374 13.2788590331
894 374 13.2788590331
895 374 13.2788590331
896 374 13.2788590331
897 374 13.2788590331
898 374 13.2788590331
899 374 13.2788590331
900 374 13.2788590331
901 374 13.2788590331
902 374 13.2788590331
903 374 13.2788590331
904 374 13.2788590331
905 374 13.2788590331
906 374 13.2788590331
907 374 13.2788590331
908 374 13.2788590331
909 374 13.2788590331
910 374 13.2788590331
911 374 13.2788590331
912 374 13.2788590331
913 374 13.2788590331
914 374 13.2788590331
915 374 13.2788590331
916 374 13.2788590331
917 374 13.2788590331
918 374 13.2788590331
919 374 13.2788590331
920 374 13.2788590331
921 374 13.2788590331
922 374 13.2788590331
923 374 13.2788590331
924 374 13.2788590331
925 374 13.2788590331
926 374 13.2788590331
927 374 13.2788590331
928 374 13.2788590331
929 374 13.2788590331
930 374 13.2788590331
931 374 13.2788590331
932 374 13.2788590331
933 374 13.2788590331
934 374 13.2788590331
935 374 13.2788590331
936 374 13.2788590331
937 374 13.2788590331
938 374 13.2788590331
939 374 13.2788590331
940 374 13.2788590331
941 374 13.2788590331
942 374 13.2788590331
943 374 13.2788590331
944 374 13.2788590331
945 374 13.2788590331
946 374 13.2788590331
947 374 13.2788590331
948 374 13.2788590331
949 374 13.2788590331
950 374 13.2788590331
951 374 13.2788590331
952 374 13.2788590331
953 374 13.2788590331
954 374 13.2788590331
955 374 13.2788590331
956 374 13.2788590331
957 374 13.2788590331
958 374 13.2788590331
959 374 13.2788590331
960 374 13.2788590331
961 374 13.2788590331
962 374 13.2788590331
963 374 13.2788590331
964 374 13.2788590331
965 374 13.2788590331
966 374 13.2788590331
967 374 13.2788590331
968 374 13.2788590331
969 374 13.2788590331
970 374 13.2788590331
971 374 13.2788590331
972 374 13.2788590331
973 374 13.2788590331
974 374 13.2788590331
975 374 13.2788590331
976 374 13.2788590331
977 374 13.2788590331
978 374 13.2788590331
979 374 13.2788590331
980 374 13.2788590331
981 374 13.2788590331
982 375 10.2132735774
983 375 10.2132735774
984 375 10.2132735774
985 375 10.2132735774
986 375 10.2132735774
987 375 10.2132735774
988 375 10.2132735774
989 375 10.2132735774
990 375 10.2132735774
991 375 10.2132735774
992 375 10.2132735774
993 375 10.2132735774
994 375 10.2132735774
995 375 10.2132735774
996 375 10.2132735774
997 375 10.2132735774
998 375 10.2132735774
999 375 10.2132735774
1000 375 10.2132735774
1001 375 10.2132735774
1002 375 10.2132735774
1003 375 10.2132735774
1004 375 10.2132735774
1005 375 10.2132735774
1006 375 10.2132735774
1007 375 10.2132735774
1008 375 10.2132735774
1009 375 10.2132735774
1010 375 10.2132735774
1011 375 10.2132735774
1012 375 10.2132735774
1013 375 10.2132735774
1014 375 10.2132735774
1015 375 10.2132735774
1016 375 10.2132735774
1017 375 10.2132735774
1018 375 10.2132735774
1019 375 10.2132735774
1020 375 10.2132735774
1021 375 10.2132735774
1022 375 10.2132735774
1023 375 10.2132735774
1024 375 10.2132735774
1025 375 10.2132735774
1026 375 10.2132735774
1027 375 10.2132735774
1028 375 10.2132735774
1029 375 10.2132735774
1030 375 10.2132735774
1031 375 10.2132735774
1032 375 10.2132735774
1033 375 10.2132735774
1034 375 10.2132735774
1035 375 10.2132735774
1036 375 10.2132735774
1037 375 10.2132735774
1038 375 10.2132735774
1039 375 10.2132735774
1040 375 10.2132735774
1041 375 10.2132735774
1042 375 10.2132735774
1043 375 10.2132735774
1044 375 10.2132735774
1045 375 10.2132735774
1046 375 10.2132735774
1047 375 10.2132735774
1048 375 10.2132735774
1049 375 10.2132735774
1050 375 10.2132735774
1051 375 10.2132735774
1052 375 10.2132735774
1053 375 10.2132735774
1054 375 10.2132735774
1055 375 10.2132735774
1056 375 10.2132735774
1057 375 10.2132735774
1058 375 10.2132735774
1059 375 10.2132735774
1060 375 10.2132735774
1061 375 10.2132735774
1062 375 10.2132735774
1063 375 10.2132735774
1064 375 10.2132735774
1065 375 10.2132735774
1066 375 10.2132735774
1067 375 10.2132735774
1068 375 10.2132735774
1069 375 10.2132735774
1070 375 10.2132735774
1071 375 10.2132735774
1072 375 10.2132735774
1073 375 10.2132735774
1074 375 10.2132735774
1075 375 10.2132735774
1076 375 10.2132735774
1077 375 10.2132735774
1078 375 10.2132735774
1079 375 10.2132735774
1080 375 10.2132735774
1081 375 10.2132735774
1082 376 12.8145817021
1083 376 12.8145817021
1084 376 12.8145817021
1085 376 12.8145817021
1086 376 12.8145817021
1087 376 12.8145817021
1088 376 12.8145817021
1089 376 12.8145817021
1090 376 12.8145817021
1091 376 12.8145817021
1092 376 12.8145817021
1093 376 12.8145817021
1094 376 12.8145817021
1095 376 12.8145817021
1096 376 12.8145817021
1097 376 12.8145817021
1098 376 12.8145817021
1099 376 12.8145817021
1100 376 12.8145817021
1101 376 12.8145817021
1102 376 12.8145817021
1103 376 12.8145817021
1104 376 12.8145817021
1105 376 12.8145817021
1106 376 12.8145817021
1107 376 12.8145817021
1108 376 12.8145817021
1109 376 12.8145817021
1110 376 12.8145817021
1111 376 12.8145817021
1112 376 12.8145817021
1113 376 12.8145817021
1114 376 12.8145817021
1115 376 12.8145817021
1116 376 12.8145817021
1117 377 12.5070391547
1118 378 11.1127156795
1119 379 8.71938312417
1120 380 6.48708816617
1121 381 4.55027681782
1122 382 3.28011721066
1123 383 3.50988094841
1124 384 4.5845170777
1125 385 6.0141104657
1126 386 7.11347327333
1127 387 17.8657034817
1128 387 17.8657034817
1129 387 17.8657034817
1130 387 17.8657034817
1131 387 17.8657034817
1132 387 17.8657034817
1133 387 17.8657034817
1134 387 17.8657034817
1135 387 17.8657034817
1136 387 17.8657034817
1137 388 15.6845493948
1138 388 15.6845493948
1139 388 15.6845493948
1140 388 15.6845493948
1141 388 15.6845493948
1142 388 15.6845493948
1143 388 15.6845493948
1144 388 15.6845493948
1145 388 15.6845493948
1146 388 15.6845493948
1147 389 8.12379548183
1148 389 8.12379548183
1149 389 8.12379548183
1150 389 8.12379548183
1151 389 8.12379548183
1152 389 8.12379548183
1153 389 8.12379548183
1154 389 8.12379548183
1155 389 8.12379548183
1156 389 8.12379548183
1157 390 5.44983378274
1158 390 5.44983378274
1159 390 5.44983378274
1160 390 5.44983378274
1161 390 5.44983378274
1162 390 5.44983378274
1163 390 5.44983378274
1164 390 5.44983378274
1165 390 5.44983378274
1166 390 5.44983378274
1167 391 6.29662712783
1168 391 6.29662712783
1169 391 6.29662712783
1170 391 6.29662712783
1171 391 6.29662712783
1172 391 6.29662712783
1173 391 6.29662712783
1174 391 6.29662712783
1175 391 6.29662712783
1176 391 6.29662712783
1177 392 12.7505315237
1178 392 12.7505315237
1179 392 12.7505315237
1180 392 12.7505315237
1181 392 12.7505315237
1182 392 12.7505315237
1183 392 12.7505315237
1184 392 12.7505315237
1185 392 12.7505315237
1186 392 12.7505315237
1187 393 16.4998362005
1188 393 16.4998362005
1189 393 16.4998362005
1190 393 16.4998362005
1191 393 16.4998362005
1192 393 16.4998362005
1193 393 16.4998362005
1194 393 16.4998362005
1195 393 16.4998362005
1196 393 16.4998362005
1197 394 22.1118624713
1198 394 22.1118624713
1199 394 22.1118624713
1200 394 22.1118624713
1201 394 22.1118624713
1202 394 22.1118624713
1203 394 22.1118624713
1204 394 22.1118624713
1205 394 22.1118624713
1206 394 22.1118624713
1207 395 30.1654633377
1208 395 30.1654633377
1209 395 30.1654633377
1210 395 30.1654633377
1211 396 48.3252724319
1212 397 46.4104087079
1213 398 44.8547550261
1214 399 44.8131654165
1215 400 44.3299229468
1216 401 42.2229563041
1217 402 41.1547905322
1218 403 41.1692199068
1219 404 39.5604025241
1220 405 37.7863514157
1221 406 37.3752883061
1222 407 37.2833540508
1223 408 35.2733257711
1224 409 33.769645342
1225 410 33.800721351
1226 411 32.8485338696
1227 412 30.9527714366
1228 413 30.0241590866
1229 414 29.9618687119
1230 415 28.0099598719
1231 416 26.3722280344
1232 417 26.7422721858
1233 418 25.5040866235
1234 419 23.5590626566
1235 420 22.7562816417
1236 421 22.5816319165
1237 422 21.0803298347
1238 423 18.9683610491
1239 424 18.5152162615
1240 425 19.925728211
1241 425 19.925728211
1242 425 19.925728211
1243 425 19.925728211
1244 425 19.925728211
1245 425 19.925728211
1246 425 19.925728211
1247 425 19.925728211
1248 425 19.925728211
1249 425 19.925728211
1250 426 19.6503274565
1251 426 19.6503274565
1252 426 19.6503274565
1253 426 19.6503274565
1254 426 19.6503274565
1255 426 19.6503274565
1256 426 19.6503274565
1257 426 19.6503274565
1258 426 19.6503274565
1259 426 19.6503274565
1260 427 13.5508870204
1261 427 13.5508870204
1262 427 13.5508870204
1263 427 13.5508870204
1264 427 13.5508870204
1265 427 13.5508870204
1266 428 11.5175134969
1267 429 11.959643483
1268 430 12.3363005326
1269 431 10.1395727656
1270 432 8.49710365745
1271 433 9.5272288468
1272 434 9.93672461114
1273 435 6.95071690887
1274 436 6.1266837535
1275 437 8.94620608376
1276 438 8.05268235154
1277 439 4.99187320976
1278 440 6.60607052699
1279 441 8.80206981645
1280 442 6.92248879382
1281 443 5.92614093708
1282 444 9.00315737235
1283 445 9.51398270844
1284 446 8.13916814512
1285 447 9.11134344862
1286 448 11.6968661588
1287 449 11.4175872097
1288 450 11.1450227099
1289 451 12.5411783093
1290 452 14.3906165505
1291 453 14.3559934956
1292 454 14.7888190218
1293 455 17.112642407
1294 456 17.8775203781
1295 457 18.1466982884
1296 458 18.7681858403
1297 459 20.8839203352
1298 460 21.6104541962
1299 461 21.264675431
1300 462 23.0933278868
1301 463 24.7895188808
1302 464 25.3762974854
1303 465 25.3777546031
1304 466 27.5156496698
1305 467 28.8779748375
1306 468 28.3729588899
1307 469 29.7229006468
1308 470 31.8037308774
1309 471 32.3388236458
1310 472 32.1810450464
1311 473 33.9708259932
1312 474 35.9174829797
1313 475 35.7143649111
1314 476 36.082113379
1315 477 38.4140416464
1316 478 39.3024061827
1317 479 38.4397749949
1318 480 39.8933573323
1319 481 42.0552980142
1320 482 41.8936652083
1321 483 42.5022157451
1322 484 11.1828268126
1323 484 11.1828268126
1324 484 11.1828268126
1325 484 11.1828268126
1326 484 11.1828268126
1327 484 11.1828268126
1328 484 11.1828268126
1329 484 11.1828268126
1330 484 11.1828268126
1331 484 11.1828268126
1332 485 2.8966279507
1333 486 2.92837092308
1334 487 2.53288518291
1335 488 2.62913247393
1336 489 2.93814034207
1337 490 2.5804785207
1338 491 2.27011333426
1339 492 2.64693658126
1340 493 2.73841984565
1341 494 2.28044961582
1342 495 2.33523640754
1343 496 2.75734106062
1344 497 2.55048346346
1345 498 2.18376774534
1346 499 2.47372645782
1347 500 2.58075267194
1348 501 2.17823725821
1349 502 2.1401834957
1350 503 2.46821947827
1351 504 2.26033340348
1352 505 1.97890160884
1353 506 2.2529288836
1354 507 2.36340193102
1355 508 2.02385554878
1356 509 1.99122235267
1357 510 2.29001288691
1358 511 2.15695975394
1359 512 1.88376186287
1360 513 2.08315456005
1361 514 2.25022264255
1362 515 1.96060040292
1363 516 1.84938924444
1364 517 2.139922912
1365 518 2.05090370549
1366 519 1.80019970554
1367 520 1.97253877237
1368 521 2.11481380964
1369 522 1.87528158165
1370 523 1.81757344751
1371 524 2.08616965424
1372 525 2.05751883204
1373 526 5.63708244273
1374 526 5.63708244273
1375 526 5.63708244273
1376 526 5.63708244273
1377 526 5.63708244273
1378 526 5.63708244273
1379 526 5.63708244273
1380 526 5.63708244273
1381 526 5.63708244273
1382 527 3.7390470052
1383 528 4.46832783165
1384 529 3.7466945858
1385 530 2.97297438728
1386 531 3.68883506938
1387 532 3.85624291416
1388 533 2.83451503219
1389 534 2.79867436236
1390 535 3.47261784068
1391 536 3.01788955109
1392 537 2.0883063535
1393 538 2.63806767457
1394 539 2.95901700808
1395 540 2.07589383202
1396 541 1.75526663795
1397 542 2.33535162156
1398 543 1.97323049349
1399 544 1.28677315555
1400 545 1.64244457179
1401 546 1.77934347042
1402 547 1.22791586295
1403 548 1.32173737424
1404 549 1.75710481085
1405 550 1.3569804028
1406 551 1.27056931537
1407 552 1.88287637038
1408 553 1.78206952187
1409 554 1.40186652828
1410 555 2.01557622486
1411 556 2.48671668905
1412 557 1.94845203743
1413 558 10.0483056404
1414 558 10.0483056404
1415 558 10.0483056404
1416 558 10.0483056404
1417 558 10.0483056404
1418 558 10.0483056404
1419 558 10.0483056404
1420 558 10.0483056404
1421 558 10.0483056404
1422 558 10.0483056404
1423 559 8.7282355805
1424 559 8.7282355805
1425 559 8.7282355805
1426 559 8.7282355805
1427 559 8.7282355805
1428 559 8.7282355805
1429 560 1.87108071764
1430 561 2.02341650121
1431 562 1.88725025086
1432 563 1.88215975083
1433 564 2.1129338412
1434 565 2.12162919541
1435 566 2.09438048954
1436 567 2.27902729129
1437 568 2.39466349872
1438 569 2.29904281231
1439 570 2.35162715955
1440 571 2.53045829083
1441 572 2.56146568448
1442 573 2.50394024077
1443 574 2.62965945004
1444 575 2.76496763473
1445 576 2.72989326508
1446 577 2.75114529794
1447 578 2.91936954703
1448 579 2.96996103263
1449 580 2.88598782299
1450 581 2.99459826168
1451 582 3.14567328251
1452 583 3.08281654588
1453 584 3.07600509919
1454 585 3.22622429405
1455 586 3.32226942322
1456 587 3.25237312064
1457 588 4.26744458067
1458 588 4.26744458067
1459 588 4.26744458067
1460 588 4.26744458067
