1 0 2.95047089278
2 0 2.95047089278
3 0 2.95047089278
4 0 2.95047089278
5 0 2.95047089278
6 0 2.95047089278
7 1 2.34058908538
8 2 2.56996850942
9 3 2.42823084528
10 4 2.25257635121
11 5 2.25694659791
12 6 2.3604799949
13 7 2.64668693102
14 8 2.75731233471
15 9 3.03755835201
16 10 3.12434367053
17 11 3.27658656526
18 11 3.27658656526
19 11 3.27658656526
20 11 3.27658656526
21 11 3.27658656526
22 11 3.27658656526
23 12 3.30875455428
24 13 3.21600718881
25 14 3.08405170603
26 15 2.8909574675
27 16 2.70146083938
28 17 2.40508152106
29 18 2.17834613821
30 19 1.93305402855
31 20 1.98482563605
32 21 2.13167114482
33 22 1.93498661483
34 23 2.00594050275
35 24 2.25713016779
36 25 2.42441423524
37 26 2.65966600419
38 27 2.82931583678
39 28 2.98636569117
40 29 3.06416420843
41 30 2.92408846993
42 31 2.70415227799
43 32 2.51630799771
44 33 2.3692845096
45 34 2.14018699674
46 35 1.96436887971
47 36 1.79487165961
48 37 1.82938791844
49 38 1.63985581066
50 39 1.5072497767
51 40 1.57507930145
52 41 1.6114995191
53 42 1.78776441503
54 43 1.96734880409
55 44 2.01945338453
56 45 2.25352653709
57 46 2.34988799119
58 47 2.61324680353
59 48 2.69048997306
60 49 2.91499247173
61 50 2.86770813613
62 51 2.79004373177
63 52 2.92678759915
64 53 3.09423098198
65 54 3.15093942895
66 55 3.32377779847
67 56 3.38904207709
68 57 3.33225505892
69 58 3.17747908265
70 59 3.11701355779
71 60 2.98319376807
72 61 2.90210197567
73 62 2.69886100767
74 63 2.53512780828
75 64 2.47774570424
76 65 2.14450714851
77 66 2.22416918363
78 67 2.06497679403
79 68 2.30115166113
80 69 2.56439273663
81 70 2.71882096482
82 71 2.87378684543
83 72 2.97298061604
84 73 3.1164929373
85 74 3.16433654564
86 75 3.09941376613
87 76 2.94998787474
88 77 2.81491898522
89 78 2.6969354545
90 79 2.51357898656
91 80 2.38420174352
92 81 2.13412770721
93 82 2.11013461869
94 83 1.88990093613
95 84 1.73082615923
96 85 1.51978924905
97 86 1.63722941346
98 87 1.70573350514
99 88 1.87016929281
100 89 2.01337800067
101 90 2.19686223976
102 91 2.19536936764
103 92 2.38347300596
104 93 2.21571793214
105 94 2.02215383385
106 95 2.20393012772
107 96 2.28136214405
108 97 2.04070406711
109 98 2.12519298891
110 99 2.32167225198
111 100 2.21230637434
112 101 2.38538243506
113 102 2.59123708661
114 103 2.71077544473
115 104 2.89100476739
116 105 2.97343519609
117 106 3.0504895717
118 107 2.87735431846
119 108 2.92037464416
120 109 3.04693312839
121 110 3.87341776178
122 110 3.87341776178
123 111 3.30939363291
124 112 3.18161007182
125 113 3.1596830886
126 114 3.15264786184
127 115 3.06367553932
128 116 3.12115258578
129 117 3.03234996693
130 118 2.91110375104
131 119 2.84318144737
132 120 2.67597710638
133 121 2.61431299779
134 122 2.62819390484
135 123 2.43708196239
136 124 2.25268971938
137 125 1.94402298039
138 126 1.89141488276
139 127 2.19774875748
140 128 2.15197565032
141 129 2.37825036254
142 130 2.59505873589
143 131 2.73732980143
144 132 2.84021216846
145 133 2.96389169963
146 134 3.04897905496
147 135 3.18852269221
148 136 3.1383485436
149 137 3.09850878426
150 138 2.97644339886
151 139 2.86733724191
152 140 2.72912474424
153 141 2.57383866184
154 142 2.45570001461
155 143 2.23790702459
156 144 2.22788435472
157 145 1.98208382282
158 146 1.97170321292
159 147 2.10875167754
160 148 1.99511336805
161 149 2.1160240332
162 150 2.31665535935
163 151 2.45299967961
164 152 2.52167317783
165 153 2.70224999589
166 154 2.78597982908
167 155 2.93774855003
168 156 2.9583870946
169 157 3.11502391873
170 158 3.20023364407
171 159 3.33534308279
172 160 3.41804899724
173 161 3.56538365573
174 162 3.60459085905
175 163 3.51358440828
176 164 3.35811317104
177 165 3.29256954812
178 166 3.16346458611
179 167 3.14836321848
180 168 3.2286890339
181 169 3.26269043324
182 170 3.15559147335
183 171 3.18228524225
184 172 3.08467191541
185 173 2.98323118715
186 174 2.90828823314
187 175 2.80476849164
188 176 2.72968309578
189 177 2.58775618424
190 178 2.53870832766
191 179 2.5962400173
192 180 2.60931648824
193 181 2.73352450491
194 182 2.83232041206
195 183 2.9217201442
196 184 3.01198297025
197 185 3.10258927795
198 186 3.1949147105
199 187 3.31541265088
200 188 3.38767950907
201 189 3.44126167713
202 190 3.41814166888
203 191 3.28852255229
204 192 3.21123809666
205 193 3.09454792787
206 194 3.04665748752
207 195 2.93805507129
208 196 2.84135670583
209 197 2.74620377849
210 198 2.63579598171
211 199 2.64174761364
212 200 2.47195306882
213 201 2.34291706391
214 202 2.11772729537
215 203 1.98788365322
216 204 2.16252197924
217 205 2.07030113443
218 206 2.04092325569
219 207 1.78729045546
220 208 1.67688711906
221 209 1.81754076683
222 210 2.08586501952
223 211 2.0761953767
224 212 2.03053681768
225 213 2.19328822637
226 214 2.36736295767
227 215 2.30529944744
228 216 2.30426753934
229 217 2.45953419708
230 218 2.5069684844
231 219 2.48114306763
232 220 2.57208189232
233 221 2.69522500947
234 222 2.67604495942
235 223 2.72665154529
236 224 2.85334056092
237 225 2.92886494844
238 226 3.09795319285
239 227 3.26148081538
240 228 3.35557223523
241 229 3.19076720751
242 230 3.22353317584
243 231 3.12715259614
244 232 3.05315868188
245 233 2.99592702951
246 234 2.91885390642
247 235 2.82292488909
248 236 2.7691368801
249 237 2.72330544097
250 238 2.63688980884
251 239 2.56111812393
252 240 2.5538328446
253 241 2.48939355145
254 242 2.38649172805
255 243 2.3429252355
256 244 2.36747915978
257 245 2.26614600534
258 246 2.06386765014
259 247 2.06378247642
260 248 1.94300467056
261 249 1.72193819692
262 250 1.60743719017
263 251 1.63210165548
264 252 1.37453850088
265 253 1.30366045223
266 254 1.17977813282
267 255 1.3743128658
268 256 1.57537188222
269 257 1.73481202403
270 258 1.80970606383
271 259 1.83492961738
272 260 2.05102092676
273 261 2.03298463989
274 262 2.19580291291
275 263 2.27853040471
276 264 2.35212344328
277 265 2.43396783469
278 266 2.5695603935
279 267 2.70326732222
280 268 2.86422137682
281 269 2.95593438618
282 270 3.01284462307
283 271 3.11699948886
284 272 3.18425201192
285 273 3.12568202573
286 274 3.20614473561
287 275 3.18476910342
288 276 3.23491910463
289 277 3.30063558072
290 278 3.33030186584
291 279 3.38772033395
292 280 3.53516412551
293 281 3.53844989243
294 282 3.43952069969
295 283 3.52632003713
296 284 3.59477810264
297 285 3.48525220263
298 286 3.39141490583
299 287 3.26469377428
300 288 3.23643970515
301 289 3.12549024168
302 290 3.02236049362
303 291 2.91926220802
304 292 2.79180930459
305 293 2.66608803746
306 294 2.48425696721
307 295 2.40664485919
308 296 2.21416817616
309 297 2.07332157033
310 298 2.17273359025
311 299 2.36178511318
312 300 2.44985668737
313 301 2.59298691229
314 302 2.73267363236
315 303 2.86147043211
316 304 2.94737035278
317 305 3.07230478644
318 306 3.166818889
319 307 3.28754542376
320 308 3.4047451601
321 309 3.42712140501
322 310 3.32611120417
323 311 3.25564507267
324 312 3.12834154132
325 313 3.08622186081
326 314 2.9476574895
327 315 2.93673016205
328 316 2.84107369821
329 317 2.84323286024
330 318 2.85857456126
331 319 2.88456437174
332 320 2.7724286356
333 321 2.82234788702
334 322 2.7772694103
335 323 2.71126335295
336 324 2.77978073482
337 325 2.71982836171
338 326 2.82852458853
339 327 2.9818909434
340 328 3.0866131961
341 329 3.16921334155
342 330 3.09492816778
343 331 3.14115670646
344 332 3.09756839809
345 333 3.02726986582
346 334 3.0385563988
347 335 3.05476780162
348 336 3.01526005801
349 337 3.04089346817
350 338 3.069232336
351 339 2.97034825723
352 340 3.02711356083
353 341 3.12892660893
354 342 3.11980177673
355 343 3.24764643583
356 344 3.23169157912
357 345 3.37618931958
358 346 3.36974086488
359 347 3.39376142101
360 348 3.27279504174
361 349 3.29161948406
362 350 3.17243612136
363 351 3.04502740884
364 352 2.95719359436
365 353 2.78161351255
366 354 2.61748277987
367 355 2.44466049075
368 356 2.24166360353
369 357 2.32722974172
370 358 2.34891013295
371 359 2.50468292531
372 360 2.59812646279
373 361 2.78106845214
374 362 2.901603047
375 363 3.05122250449
376 364 3.17941301011
377 365 3.2814423724
378 366 3.41792222475
379 367 3.41296576478
380 368 3.25331368577
381 369 3.11100726893
382 370 2.99844090262
383 371 2.83167610606
384 372 2.81614392602
385 373 2.64627958046
386 374 2.64092574319
387 375 2.46235217854
388 376 2.53216358462
389 377 2.6056061898
390 378 2.52722386628
391 379 2.35774674272
392 380 2.45822965908
393 381 2.5476104403
394 382 2.39405351024
395 383 2.33634431619
396 384 2.51033815336
397 385 2.48949927554
398 386 2.31455859054
399 387 2.38613711368
400 388 2.56542018473
401 389 2.6679328446
402 390 2.79767349385
403 391 2.85594276479
404 392 2.71347937625
405 393 2.80249328456
406 394 2.96813655084
407 395 2.98788280428
408 396 2.83864510448
409 397 2.90791033022
410 398 2.87521994584
411 399 2.88871851358
412 400 2.80146783617
413 401 2.75380125664
414 402 2.87515489767
415 403 2.84913263625
416 404 2.97223808376
417 405 2.91137606717
418 406 3.09118834419
419 407 3.29869164299
420 408 3.39099229708
421 409 3.53120524799
422 410 3.48803689928
423 411 3.35253771512
424 412 3.29948449142
425 413 3.19849716202
426 414 3.00723881374
427 415 2.75651587997
428 416 2.47836439926
429 417 2.2940280946
430 418 2.05929979426
431 419 2.02854671823
432 420 1.85434825926
433 421 1.79429481247
434 422 2.0170830302
435 423 2.14929861535
436 424 2.38791328797
437 425 2.63530058579
438 426 2.80455688478
439 427 3.07674485341
440 428 3.25051152048
441 429 3.43330417903
442 430 3.53072722089
443 431 3.63098446156
444 432 3.45709667212
445 433 3.18193326379
446 434 3.01910177944
447 435 2.74633450351
448 436 2.65374494371
449 437 2.43559241325
450 438 2.37549271408
451 439 2.24118856291
452 440 2.0861527426
453 441 16.9073652471
454 441 16.9073652471
455 441 16.9073652471
456 441 16.9073652471
457 441 16.9073652471
458 441 16.9073652471
459 441 16.9073652471
460 441 16.9073652471
461 441 16.9073652471
462 441 16.9073652471
463 442 11.0914338186
464 442 11.0914338186
465 442 11.0914338186
466 442 11.0914338186
467 442 11.0914338186
468 442 11.0914338186
469 442 11.0914338186
470 442 11.0914338186
471 442 11.0914338186
472 442 11.0914338186
473 443 6.95546932827
474 443 6.95546932827
475 443 6.95546932827
476 443 6.95546932827
477 443 6.95546932827
478 443 6.95546932827
479 443 6.95546932827
480 443 6.95546932827
481 443 6.95546932827
482 443 6.95546932827
483 444 7.1835809109
484 444 7.1835809109
485 444 7.1835809109
486 444 7.1835809109
487 444 7.1835809109
488 444 7.1835809109
489 444 7.1835809109
490 444 7.1835809109
491 444 7.1835809109
492 444 7.1835809109
493 445 7.50131650423
494 445 7.50131650423
495 445 7.50131650423
496 445 7.50131650423
497 445 7.50131650423
498 445 7.50131650423
499 445 7.50131650423
500 445 7.50131650423
501 445 7.50131650423
502 445 7.50131650423
503 446 9.91969033774
504 446 9.91969033774
505 446 9.91969033774
506 446 9.91969033774
507 446 9.91969033774
508 446 9.91969033774
509 446 9.91969033774
510 446 9.91969033774
511 446 9.91969033774
512 446 9.91969033774
513 447 15.3781988187
514 447 15.3781988187
515 447 15.3781988187
516 447 15.3781988187
517 447 15.3781988187
518 447 15.3781988187
519 447 15.3781988187
520 447 15.3781988187
521 447 15.3781988187
522 448 48.9713227337
523 449 47.2254309603
524 450 46.9721527311
525 451 46.5453193112
526 452 44.5555794388
527 453 43.3285755573
528 454 43.3713089277
529 455 42.270868352
530 456 40.2601312946
531 457 39.5902357461
532 458 39.5407495112
533 459 37.8241789048
534 460 36.1268184882
535 461 35.9660560897
536 462 35.3711518366
537 463 33.3685207217
538 464 32.2159696771
539 465 32.2787913585
540 466 30.9222520333
541 467 29.0129246529
542 468 28.5482392793
543 469 28.1816388946
544 470 26.3976273458
545 471 24.8647179608
546 472 24.838788466
547 473 23.8060341057
548 474 21.9520238393
549 475 21.0300802238
550 476 20.7377212
551 477 19.4311303692
552 478 17.6484817982
553 479 17.2858025017
554 480 16.6980322093
555 481 15.1376359067
556 482 13.8375757035
557 483 13.2017294171
558 484 12.9195171214
559 485 10.9290209816
560 486 10.082260404
561 487 9.42368494731
562 488 8.81596825249
563 489 6.75404572412
564 490 5.98071029138
565 491 6.69769316754
566 492 5.46597061047
567 493 2.99487054291
568 494 4.39232406055
569 495 5.41943556229
570 496 3.03778567799
571 497 3.17281328853
572 498 5.43856601273
573 499 5.02741350413
574 500 4.03804796338
575 501 5.6408830435
576 502 7.13097603885
577 503 7.28725899855
578 504 7.81473708033
579 505 9.03910174602
580 506 10.2975761709
581 507 11.1489926832
582 508 12.7927104398
583 509 13.5524402005
584 510 14.3533992192
585 511 15.214802403
586 512 16.6717915172
587 513 17.7990430068
588 514 18.5188695621
589 515 19.5781733322
590 516 20.6867701908
591 517 21.8791985617
592 518 22.8466192981
593 519 23.9980538419
594 520 25.0442027281
595 521 26.3235463701
596 522 27.2821661278
597 523 28.3711349808
598 524 29.5348887549
599 525 30.5210398472
600 526 31.8318718377
601 527 32.9210665645
602 528 33.7470873167
603 529 34.9260000837
604 530 36.330773025
605 531 37.3214581765
606 532 37.5115859138
607 533 39.1907774184
608 534 41.0054727155
609 535 41.0568314356
610 536 41.9990339452
611 537 44.1688521798
612 538 45.24548486
613 539 3.75447731238
614 539 3.75447731238
615 539 3.75447731238
616 539 3.75447731238
617 539 3.75447731238
618 539 3.75447731238
619 539 3.75447731238
620 539 3.75447731238
621 539 3.75447731238
622 539 3.75447731238
623 540 5.01233859325
624 540 5.01233859325
625 541 2.95074112153
626 542 2.96136382497
627 543 2.50474156544
628 544 2.69485771252
629 545 2.89999282163
630 546 2.51238469246
631 547 2.31493202288
632 548 2.68154655597
633 549 2.62074819358
634 550 2.20150353991
635 551 2.37131776436
636 552 2.60349337087
637 553 2.32075808577
638 554 2.0997552978
639 555 2.38633309875
640 556 2.41400675333
641 557 2.07173952245
642 558 2.41041800048
643 559 2.46757540562
644 560 2.22027751591
645 561 1.99245058844
646 562 2.14699658046
647 563 2.0989012833
648 564 1.78784855359
649 565 1.87387740302
650 566 2.05765573335
651 567 1.84066953248
652 568 1.67350227208
653 569 1.88155981102
654 570 1.91952240401
655 571 1.65700321425
656 572 1.70097761609
657 573 1.8842688981
658 574 1.72144599285
659 575 1.59179336539
660 576 1.75346372718
661 577 1.80901853147
662 578 1.6316283507
663 579 1.62154348135
664 580 1.7695327413
665 581 1.74814858141
666 582 1.64761899395
667 583 1.70324006914
668 584 1.79552473014
669 585 1.7564754829
670 586 9.14751588765
671 586 9.14751588765
672 586 9.14751588765
673 586 9.14751588765
674 586 9.14751588765
675 586 9.14751588765
676 586 9.14751588765
677 586 9.14751588765
678 587 3.02704061772
679 588 2.97382355281
680 589 2.69403599727
681 590 2.63171213753
682 591 2.7182750045
683 592 2.48241568211
684 593 2.29606330166
685 594 2.5252977652
686 595 2.31642191722
687 596 2.04921065539
688 597 2.36055452559
689 598 2.34700031722
690 599 1.90538758187
691 600 2.06309791783
692 601 2.50879820249
693 602 1.94513028722
694 603 1.65232692806
695 604 2.3954898861
696 605 2.33953950961
697 606 1.53166605064
698 607 2.06066323263
699 608 2.74260600024
700 609 2.03854943046
701 610 1.72716257497
702 611 2.85959585439
703 612 2.86170442742
704 613 1.89031776827
705 614 2.65534298277
706 615 3.56453403757
707 616 2.92402218564
708 617 2.36252482734
709 618 3.48407192568
710 619 3.58682675559
711 620 2.57477074396
712 621 3.12686362344
713 622 3.85685200326
