1 0 18.8887201589
2 0 18.8887201589
3 0 18.8887201589
4 0 18.8887201589
5 0 18.8887201589
6 0 18.8887201589
7 1 18.9330864314
8 2 18.4696247012
9 3 15.5372800951
10 4 13.8709687643
11 5 12.1971527142
12 6 9.52182601078
13 7 9.11311694709
14 8 10.9465592758
15 9 12.2983520892
16 10 13.7920652842
17 11 16.593034578
18 12 17.9217742304
19 13 18.3567498621
20 14 15.3674623976
21 15 14.6701038022
22 16 17.0272883114
23 17 15.9899988991
24 18 13.122372958
25 19 14.6520742131
26 20 16.7457019092
27 21 14.5582187766
28 22 13.244040817
29 23 16.1392567498
30 24 16.8847766522
31 25 14.4518385844
32 26 15.6788464778
33 27 18.4858819137
34 28 17.3244065161
35 29 15.1689425779
36 30 15.0911745644
37 31 12.974743472
38 32 10.2914878861
39 33 8.8467515619
40 34 10.6472130681
41 35 10.7284620881
42 36 7.70105602772
43 37 7.45841548287
44 38 9.91356216241
45 39 9.61236411843
46 40 6.9270017416
47 41 7.80815563569
48 42 10.5925663821
49 43 10.0071598553
50 44 8.34138046528
51 45 10.404731565
52 46 12.8008350173
53 47 12.2214371218
54 48 10.3141488824
55 49 7.72191909221
56 50 6.30666321713
57 51 5.85467417224
58 52 3.75862559674
59 53 4.72739768098
60 54 4.5053930523
61 55 7.34215295489
62 56 7.93408203683
63 57 8.56443781572
64 58 6.67234322345
65 59 4.45290045583
66 60 3.27864450093
67 61 2.2492631052
68 62 4.19503962397
69 63 5.06439107369
70 64 7.60266693584
71 65 8.49718203438
72 66 11.0139158739
73 67 12.9903663673
74 68 13.5707000054
75 69 11.0637304934
76 70 9.25764612632
77 71 9.43514124482
78 72 8.00210948873
79 73 10.2025683191
80 74 11.3885958806
81 75 13.9579440407
82 76 14.8660184586
83 77 12.63215045
84 78 10.9165358101
85 79 8.4616195302
86 80 7.95025928903
87 81 5.63128611253
88 82 6.74425069531
89 83 6.82043244366
90 84 7.65699575547
91 85 7.60939176941
92 86 8.87663151878
