1 0 20.0851484148
2 0 20.0851484148
3 0 20.0851484148
4 0 20.0851484148
5 0 20.0851484148
6 0 20.0851484148
7 0 20.0851484148
8 0 20.0851484148
9 0 20.0851484148
10 0 20.0851484148
11 0 20.0851484148
12 0 20.0851484148
13 0 20.0851484148
14 0 20.0851484148
15 0 20.0851484148
16 0 20.0851484148
17 0 20.0851484148
18 0 20.0851484148
19 0 20.0851484148
20 0 20.0851484148
21 0 20.0851484148
22 0 20.0851484148
23 0 20.0851484148
24 0 20.0851484148
25 0 20.0851484148
26 0 20.0851484148
27 0 20.0851484148
28 0 20.0851484148
29 0 20.0851484148
30 0 20.0851484148
31 0 20.0851484148
32 0 20.0851484148
33 0 20.0851484148
34 0 20.0851484148
35 0 20.0851484148
36 0 20.0851484148
37 0 20.0851484148
38 0 20.0851484148
39 0 20.0851484148
40 0 20.0851484148
41 0 20.0851484148
42 0 20.0851484148
43 0 20.0851484148
44 0 20.0851484148
45 0 20.0851484148
46 0 20.0851484148
47 0 20.0851484148
48 0 20.0851484148
49 0 20.0851484148
50 0 20.0851484148
51 0 20.0851484148
52 0 20.0851484148
53 0 20.0851484148
54 0 20.0851484148
55 0 20.0851484148
56 0 20.0851484148
57 0 20.0851484148
58 0 20.0851484148
59 0 20.0851484148
60 0 20.0851484148
61 0 20.0851484148
62 0 20.0851484148
63 0 20.0851484148
64 0 20.0851484148
65 0 20.0851484148
66 0 20.0851484148
67 0 20.0851484148
68 0 20.0851484148
69 0 20.0851484148
70 0 20.0851484148
71 0 20.0851484148
72 0 20.0851484148
73 0 20.0851484148
74 0 20.0851484148
75 0 20.0851484148
76 0 20.0851484148
77 0 20.0851484148
78 0 20.0851484148
79 0 20.0851484148
80 0 20.0851484148
81 0 20.0851484148
82 0 20.0851484148
83 0 20.0851484148
84 0 20.0851484148
85 0 20.0851484148
86 0 20.0851484148
87 0 20.0851484148
88 0 20.0851484148
89 0 20.0851484148
90 0 20.0851484148
91 0 20.0851484148
92 0 20.0851484148
93 0 20.0851484148
94 0 20.0851484148
95 0 20.0851484148
96 0 20.0851484148
97 0 20.0851484148
98 0 20.0851484148
99 0 20.0851484148
100 0 20.0851484148
101 1 11.7062852357
102 1 11.7062852357
103 1 11.7062852357
104 1 11.7062852357
105 1 11.7062852357
106 1 11.7062852357
107 1 11.7062852357
108 1 11.7062852357
109 1 11.7062852357
110 1 11.7062852357
111 1 11.7062852357
112 1 11.7062852357
113 1 11.7062852357
114 1 11.7062852357
115 1 11.7062852357
116 1 11.7062852357
117 1 11.7062852357
118 1 11.7062852357
119 1 11.7062852357
120 1 11.7062852357
121 1 11.7062852357
122 1 11.7062852357
123 1 11.7062852357
124 1 11.7062852357
125 1 11.7062852357
126 1 11.7062852357
127 1 11.7062852357
128 1 11.7062852357
129 1 11.7062852357
130 1 11.7062852357
131 1 11.7062852357
132 1 11.7062852357
133 1 11.7062852357
134 1 11.7062852357
135 1 11.7062852357
136 1 11.7062852357
137 1 11.7062852357
138 1 11.7062852357
139 1 11.7062852357
140 1 11.7062852357
141 1 11.7062852357
142 1 11.7062852357
143 1 11.7062852357
144 1 11.7062852357
145 1 11.7062852357
146 1 11.7062852357
147 1 11.7062852357
148 1 11.7062852357
149 1 11.7062852357
150 1 11.7062852357
151 1 11.7062852357
152 1 11.7062852357
153 1 11.7062852357
154 1 11.7062852357
155 1 11.7062852357
156 1 11.7062852357
157 1 11.7062852357
158 1 11.7062852357
159 1 11.7062852357
160 1 11.7062852357
161 1 11.7062852357
162 1 11.7062852357
163 1 11.7062852357
164 1 11.7062852357
165 1 11.7062852357
166 1 11.7062852357
167 1 11.7062852357
168 1 11.7062852357
169 1 11.7062852357
170 1 11.7062852357
171 1 11.7062852357
172 1 11.7062852357
173 1 11.7062852357
174 1 11.7062852357
175 1 11.7062852357
176 1 11.7062852357
177 1 11.7062852357
178 1 11.7062852357
179 1 11.7062852357
180 1 11.7062852357
181 1 11.7062852357
182 1 11.7062852357
183 1 11.7062852357
184 1 11.7062852357
185 1 11.7062852357
186 1 11.7062852357
187 1 11.7062852357
188 1 11.7062852357
189 1 11.7062852357
190 1 11.7062852357
191 1 11.7062852357
192 1 11.7062852357
193 1 11.7062852357
194 1 11.7062852357
195 1 11.7062852357
196 1 11.7062852357
197 1 11.7062852357
198 1 11.7062852357
199 1 11.7062852357
200 1 11.7062852357
201 2 12.5418032841
202 2 12.5418032841
203 2 12.5418032841
204 2 12.5418032841
205 2 12.5418032841
206 2 12.5418032841
207 2 12.5418032841
208 2 12.5418032841
209 2 12.5418032841
210 2 12.5418032841
211 2 12.5418032841
212 2 12.5418032841
213 2 12.5418032841
214 2 12.5418032841
215 2 12.5418032841
216 2 12.5418032841
217 2 12.5418032841
218 2 12.5418032841
219 2 12.5418032841
220 2 12.5418032841
221 2 12.5418032841
222 2 12.5418032841
223 2 12.5418032841
224 2 12.5418032841
225 2 12.5418032841
226 2 12.5418032841
227 2 12.5418032841
228 2 12.5418032841
229 2 12.5418032841
230 2 12.5418032841
231 2 12.5418032841
232 2 12.5418032841
233 2 12.5418032841
234 2 12.5418032841
235 2 12.5418032841
236 2 12.5418032841
237 2 12.5418032841
238 2 12.5418032841
239 2 12.5418032841
240 2 12.5418032841
241 2 12.5418032841
242 2 12.5418032841
243 2 12.5418032841
244 2 12.5418032841
245 2 12.5418032841
246 2 12.5418032841
247 2 12.5418032841
248 2 12.5418032841
249 2 12.5418032841
250 2 12.5418032841
251 2 12.5418032841
252 2 12.5418032841
253 2 12.5418032841
254 2 12.5418032841
255 2 12.5418032841
256 2 12.5418032841
257 2 12.5418032841
258 2 12.5418032841
259 2 12.5418032841
260 2 12.5418032841
261 2 12.5418032841
262 2 12.5418032841
263 2 12.5418032841
264 2 12.5418032841
265 2 12.5418032841
266 2 12.5418032841
267 2 12.5418032841
268 2 12.5418032841
269 2 12.5418032841
270 2 12.5418032841
271 2 12.5418032841
272 2 12.5418032841
273 2 12.5418032841
274 2 12.5418032841
275 2 12.5418032841
276 2 12.5418032841
277 2 12.5418032841
278 2 12.5418032841
279 2 12.5418032841
280 2 12.5418032841
281 2 12.5418032841
282 2 12.5418032841
283 2 12.5418032841
284 2 12.5418032841
285 2 12.5418032841
286 2 12.5418032841
287 2 12.5418032841
288 2 12.5418032841
289 2 12.5418032841
290 2 12.5418032841
291 2 12.5418032841
292 2 12.5418032841
293 2 12.5418032841
294 2 12.5418032841
295 2 12.5418032841
296 2 12.5418032841
297 2 12.5418032841
298 2 12.5418032841
299 2 12.5418032841
300 2 12.5418032841
301 3 10.5496966386
302 3 10.5496966386
303 3 10.5496966386
304 3 10.5496966386
305 3 10.5496966386
306 3 10.5496966386
307 3 10.5496966386
308 3 10.5496966386
309 3 10.5496966386
310 3 10.5496966386
311 3 10.5496966386
312 3 10.5496966386
313 3 10.5496966386
314 3 10.5496966386
315 3 10.5496966386
316 3 10.5496966386
317 3 10.5496966386
318 3 10.5496966386
319 3 10.5496966386
320 3 10.5496966386
321 3 10.5496966386
322 3 10.5496966386
323 3 10.5496966386
324 3 10.5496966386
325 3 10.5496966386
326 3 10.5496966386
327 3 10.5496966386
328 3 10.5496966386
329 3 10.5496966386
330 3 10.5496966386
331 3 10.5496966386
332 3 10.5496966386
333 3 10.5496966386
334 3 10.5496966386
335 3 10.5496966386
336 3 10.5496966386
337 3 10.5496966386
338 3 10.5496966386
339 3 10.5496966386
340 3 10.5496966386
341 3 10.5496966386
342 3 10.5496966386
343 3 10.5496966386
344 3 10.5496966386
345 3 10.5496966386
346 3 10.5496966386
347 3 10.5496966386
348 3 10.5496966386
349 3 10.5496966386
350 3 10.5496966386
351 3 10.5496966386
352 3 10.5496966386
353 3 10.5496966386
354 3 10.5496966386
355 3 10.5496966386
356 3 10.5496966386
357 3 10.5496966386
358 3 10.5496966386
359 3 10.5496966386
360 3 10.5496966386
361 3 10.5496966386
362 3 10.5496966386
363 3 10.5496966386
364 3 10.5496966386
365 3 10.5496966386
366 3 10.5496966386
367 3 10.5496966386
368 3 10.5496966386
369 3 10.5496966386
370 3 10.5496966386
371 3 10.5496966386
372 3 10.5496966386
373 3 10.5496966386
374 3 10.5496966386
375 3 10.5496966386
376 3 10.5496966386
377 3 10.5496966386
378 3 10.5496966386
379 3 10.5496966386
380 3 10.5496966386
381 3 10.5496966386
382 3 10.5496966386
383 3 10.5496966386
384 3 10.5496966386
385 3 10.5496966386
386 3 10.5496966386
387 3 10.5496966386
388 3 10.5496966386
389 3 10.5496966386
390 3 10.5496966386
391 3 10.5496966386
392 3 10.5496966386
393 3 10.5496966386
394 3 10.5496966386
395 3 10.5496966386
396 3 10.5496966386
397 3 10.5496966386
398 3 10.5496966386
399 3 10.5496966386
400 3 10.5496966386
401 4 8.92814969513
402 4 8.92814969513
403 4 8.92814969513
404 4 8.92814969513
405 4 8.92814969513
406 4 8.92814969513
407 4 8.92814969513
408 4 8.92814969513
409 4 8.92814969513
410 4 8.92814969513
411 4 8.92814969513
412 4 8.92814969513
413 4 8.92814969513
414 4 8.92814969513
415 4 8.92814969513
416 4 8.92814969513
417 4 8.92814969513
418 4 8.92814969513
419 4 8.92814969513
420 4 8.92814969513
421 4 8.92814969513
422 4 8.92814969513
423 4 8.92814969513
424 4 8.92814969513
425 4 8.92814969513
426 4 8.92814969513
427 4 8.92814969513
428 4 8.92814969513
429 4 8.92814969513
430 4 8.92814969513
431 4 8.92814969513
432 4 8.92814969513
433 4 8.92814969513
434 4 8.92814969513
435 4 8.92814969513
436 4 8.92814969513
437 4 8.92814969513
438 4 8.92814969513
439 4 8.92814969513
440 4 8.92814969513
441 4 8.92814969513
442 4 8.92814969513
443 4 8.92814969513
444 4 8.92814969513
445 4 8.92814969513
446 4 8.92814969513
447 4 8.92814969513
448 4 8.92814969513
449 4 8.92814969513
450 4 8.92814969513
451 4 8.92814969513
452 4 8.92814969513
453 4 8.92814969513
454 4 8.92814969513
455 4 8.92814969513
456 4 8.92814969513
457 4 8.92814969513
458 4 8.92814969513
459 4 8.92814969513
460 4 8.92814969513
461 4 8.92814969513
462 4 8.92814969513
463 4 8.92814969513
464 4 8.92814969513
465 4 8.92814969513
466 4 8.92814969513
467 4 8.92814969513
468 4 8.92814969513
469 4 8.92814969513
470 4 8.92814969513
471 4 8.92814969513
472 4 8.92814969513
473 4 8.92814969513
474 4 8.92814969513
475 4 8.92814969513
476 4 8.92814969513
477 4 8.92814969513
478 4 8.92814969513
479 4 8.92814969513
480 4 8.92814969513
481 4 8.92814969513
482 4 8.92814969513
483 4 8.92814969513
484 4 8.92814969513
485 4 8.92814969513
486 4 8.92814969513
487 4 8.92814969513
488 4 8.92814969513
489 4 8.92814969513
490 4 8.92814969513
491 4 8.92814969513
492 4 8.92814969513
493 4 8.92814969513
494 4 8.92814969513
495 4 8.92814969513
496 4 8.92814969513
497 4 8.92814969513
498 4 8.92814969513
499 4 8.92814969513
500 4 8.92814969513
501 5 11.5506755167
502 5 11.5506755167
503 5 11.5506755167
504 5 11.5506755167
505 5 11.5506755167
506 5 11.5506755167
507 5 11.5506755167
508 5 11.5506755167
509 5 11.5506755167
510 5 11.5506755167
511 5 11.5506755167
512 5 11.5506755167
513 5 11.5506755167
514 5 11.5506755167
515 5 11.5506755167
516 5 11.5506755167
517 5 11.5506755167
518 5 11.5506755167
519 5 11.5506755167
520 5 11.5506755167
521 5 11.5506755167
522 5 11.5506755167
523 5 11.5506755167
524 5 11.5506755167
525 5 11.5506755167
526 5 11.5506755167
527 5 11.5506755167
528 5 11.5506755167
529 5 11.5506755167
530 5 11.5506755167
531 5 11.5506755167
532 5 11.5506755167
533 5 11.5506755167
534 5 11.5506755167
535 5 11.5506755167
536 5 11.5506755167
537 5 11.5506755167
538 5 11.5506755167
539 5 11.5506755167
540 5 11.5506755167
541 5 11.5506755167
542 5 11.5506755167
543 5 11.5506755167
544 5 11.5506755167
545 5 11.5506755167
546 5 11.5506755167
547 5 11.5506755167
548 5 11.5506755167
549 5 11.5506755167
550 5 11.5506755167
551 5 11.5506755167
552 5 11.5506755167
553 5 11.5506755167
554 5 11.5506755167
555 5 11.5506755167
556 5 11.5506755167
557 5 11.5506755167
558 5 11.5506755167
559 5 11.5506755167
560 5 11.5506755167
561 5 11.5506755167
562 5 11.5506755167
563 5 11.5506755167
564 5 11.5506755167
565 5 11.5506755167
566 5 11.5506755167
567 5 11.5506755167
568 5 11.5506755167
569 5 11.5506755167
570 5 11.5506755167
571 5 11.5506755167
572 5 11.5506755167
573 5 11.5506755167
574 5 11.5506755167
575 5 11.5506755167
576 5 11.5506755167
577 5 11.5506755167
578 5 11.5506755167
579 5 11.5506755167
580 5 11.5506755167
581 5 11.5506755167
582 5 11.5506755167
583 5 11.5506755167
584 5 11.5506755167
585 5 11.5506755167
586 5 11.5506755167
587 5 11.5506755167
588 5 11.5506755167
589 5 11.5506755167
590 5 11.5506755167
591 5 11.5506755167
592 5 11.5506755167
593 5 11.5506755167
594 5 11.5506755167
595 5 11.5506755167
596 5 11.5506755167
597 5 11.5506755167
598 5 11.5506755167
599 5 11.5506755167
600 5 11.5506755167
601 6 14.7566984789
602 6 14.7566984789
603 6 14.7566984789
604 6 14.7566984789
605 6 14.7566984789
606 6 14.7566984789
607 6 14.7566984789
608 6 14.7566984789
609 6 14.7566984789
610 6 14.7566984789
611 6 14.7566984789
612 6 14.7566984789
613 6 14.7566984789
614 6 14.7566984789
615 6 14.7566984789
616 6 14.7566984789
617 6 14.7566984789
618 6 14.7566984789
619 6 14.7566984789
620 6 14.7566984789
621 6 14.7566984789
622 6 14.7566984789
623 6 14.7566984789
624 6 14.7566984789
625 6 14.7566984789
626 6 14.7566984789
627 6 14.7566984789
628 6 14.7566984789
629 6 14.7566984789
630 6 14.7566984789
631 6 14.7566984789
632 6 14.7566984789
633 6 14.7566984789
634 6 14.7566984789
635 6 14.7566984789
636 6 14.7566984789
637 6 14.7566984789
638 6 14.7566984789
639 6 14.7566984789
640 6 14.7566984789
641 6 14.7566984789
642 6 14.7566984789
643 6 14.7566984789
644 6 14.7566984789
645 6 14.7566984789
646 6 14.7566984789
647 6 14.7566984789
648 6 14.7566984789
649 6 14.7566984789
650 6 14.7566984789
651 6 14.7566984789
652 6 14.7566984789
653 6 14.7566984789
654 6 14.7566984789
655 6 14.7566984789
656 6 14.7566984789
657 6 14.7566984789
658 6 14.7566984789
659 6 14.7566984789
660 6 14.7566984789
661 6 14.7566984789
662 6 14.7566984789
663 6 14.7566984789
664 6 14.7566984789
665 6 14.7566984789
666 6 14.7566984789
667 6 14.7566984789
668 6 14.7566984789
669 6 14.7566984789
670 6 14.7566984789
671 6 14.7566984789
672 6 14.7566984789
673 6 14.7566984789
674 6 14.7566984789
675 6 14.7566984789
676 6 14.7566984789
677 6 14.7566984789
678 6 14.7566984789
679 6 14.7566984789
680 6 14.7566984789
681 6 14.7566984789
682 6 14.7566984789
683 6 14.7566984789
684 6 14.7566984789
685 6 14.7566984789
686 6 14.7566984789
687 6 14.7566984789
688 6 14.7566984789
689 6 14.7566984789
690 6 14.7566984789
691 6 14.7566984789
692 6 14.7566984789
693 6 14.7566984789
694 6 14.7566984789
695 6 14.7566984789
696 6 14.7566984789
697 6 14.7566984789
698 6 14.7566984789
699 6 14.7566984789
700 6 14.7566984789
701 7 16.1557224208
702 7 16.1557224208
703 7 16.1557224208
704 7 16.1557224208
705 7 16.1557224208
706 7 16.1557224208
707 7 16.1557224208
708 7 16.1557224208
709 7 16.1557224208
710 7 16.1557224208
711 7 16.1557224208
712 7 16.1557224208
713 7 16.1557224208
714 7 16.1557224208
715 7 16.1557224208
716 7 16.1557224208
717 7 16.1557224208
718 7 16.1557224208
719 7 16.1557224208
720 7 16.1557224208
721 7 16.1557224208
722 7 16.1557224208
723 7 16.1557224208
724 7 16.1557224208
725 7 16.1557224208
726 7 16.1557224208
727 7 16.1557224208
728 7 16.1557224208
729 7 16.1557224208
730 7 16.1557224208
731 7 16.1557224208
732 7 16.1557224208
733 7 16.1557224208
734 7 16.1557224208
735 7 16.1557224208
736 7 16.1557224208
737 7 16.1557224208
738 7 16.1557224208
739 7 16.1557224208
740 7 16.1557224208
741 7 16.1557224208
742 7 16.1557224208
743 7 16.1557224208
744 7 16.1557224208
745 7 16.1557224208
746 7 16.1557224208
747 7 16.1557224208
748 7 16.1557224208
749 7 16.1557224208
750 7 16.1557224208
751 8 11.9832199008
752 8 11.9832199008
753 8 11.9832199008
754 8 11.9832199008
755 8 11.9832199008
756 8 11.9832199008
757 8 11.9832199008
758 8 11.9832199008
759 8 11.9832199008
760 8 11.9832199008
761 8 11.9832199008
762 8 11.9832199008
763 8 11.9832199008
764 8 11.9832199008
765 8 11.9832199008
766 8 11.9832199008
767 8 11.9832199008
768 8 11.9832199008
769 8 11.9832199008
770 8 11.9832199008
771 8 11.9832199008
772 8 11.9832199008
773 8 11.9832199008
774 8 11.9832199008
775 8 11.9832199008
776 9 8.6047277804
777 9 8.6047277804
778 9 8.6047277804
779 9 8.6047277804
780 9 8.6047277804
781 9 8.6047277804
782 9 8.6047277804
783 9 8.6047277804
784 9 8.6047277804
785 9 8.6047277804
786 9 8.6047277804
787 9 8.6047277804
788 9 8.6047277804
789 9 8.6047277804
790 9 8.6047277804
791 9 8.6047277804
792 9 8.6047277804
793 9 8.6047277804
794 9 8.6047277804
795 9 8.6047277804
796 9 8.6047277804
797 9 8.6047277804
798 9 8.6047277804
799 9 8.6047277804
800 9 8.6047277804
801 10 6.58174288729
802 10 6.58174288729
803 10 6.58174288729
804 10 6.58174288729
805 10 6.58174288729
806 10 6.58174288729
807 10 6.58174288729
808 10 6.58174288729
809 10 6.58174288729
810 10 6.58174288729
811 10 6.58174288729
812 10 6.58174288729
813 10 6.58174288729
814 10 6.58174288729
815 10 6.58174288729
816 10 6.58174288729
817 10 6.58174288729
818 10 6.58174288729
819 10 6.58174288729
820 10 6.58174288729
821 10 6.58174288729
822 10 6.58174288729
823 10 6.58174288729
824 10 6.58174288729
825 10 6.58174288729
826 11 6.13549031467
827 11 6.13549031467
828 11 6.13549031467
829 11 6.13549031467
830 11 6.13549031467
831 11 6.13549031467
832 11 6.13549031467
833 11 6.13549031467
834 11 6.13549031467
835 11 6.13549031467
836 11 6.13549031467
837 11 6.13549031467
838 11 6.13549031467
839 11 6.13549031467
840 11 6.13549031467
841 11 6.13549031467
842 11 6.13549031467
843 11 6.13549031467
844 11 6.13549031467
845 11 6.13549031467
846 11 6.13549031467
847 11 6.13549031467
848 11 6.13549031467
849 11 6.13549031467
850 11 6.13549031467
851 12 10.8081016001
852 12 10.8081016001
853 12 10.8081016001
854 12 10.8081016001
855 12 10.8081016001
856 12 10.8081016001
857 12 10.8081016001
858 12 10.8081016001
859 12 10.8081016001
860 12 10.8081016001
861 12 10.8081016001
862 12 10.8081016001
863 12 10.8081016001
864 12 10.8081016001
865 12 10.8081016001
866 12 10.8081016001
867 12 10.8081016001
868 12 10.8081016001
869 12 10.8081016001
870 12 10.8081016001
871 12 10.8081016001
872 12 10.8081016001
873 12 10.8081016001
874 12 10.8081016001
875 12 10.8081016001
876 13 7.00568415646
877 13 7.00568415646
878 13 7.00568415646
879 13 7.00568415646
880 13 7.00568415646
881 13 7.00568415646
882 13 7.00568415646
883 13 7.00568415646
884 13 7.00568415646
885 13 7.00568415646
886 13 7.00568415646
887 13 7.00568415646
888 13 7.00568415646
889 13 7.00568415646
890 13 7.00568415646
891 13 7.00568415646
892 13 7.00568415646
893 13 7.00568415646
894 13 7.00568415646
895 13 7.00568415646
896 13 7.00568415646
897 13 7.00568415646
898 13 7.00568415646
899 13 7.00568415646
900 13 7.00568415646
901 14 5.49938327298
902 14 5.49938327298
903 14 5.49938327298
904 14 5.49938327298
905 14 5.49938327298
906 14 5.49938327298
907 14 5.49938327298
908 14 5.49938327298
909 14 5.49938327298
910 14 5.49938327298
911 14 5.49938327298
912 14 5.49938327298
913 14 5.49938327298
914 14 5.49938327298
915 14 5.49938327298
916 14 5.49938327298
917 14 5.49938327298
918 14 5.49938327298
919 14 5.49938327298
920 14 5.49938327298
921 14 5.49938327298
922 14 5.49938327298
923 14 5.49938327298
924 14 5.49938327298
925 14 5.49938327298
926 15 4.93989538972
927 15 4.93989538972
928 15 4.93989538972
929 15 4.93989538972
930 15 4.93989538972
931 15 4.93989538972
932 15 4.93989538972
933 15 4.93989538972
934 15 4.93989538972
935 15 4.93989538972
936 15 4.93989538972
937 15 4.93989538972
938 15 4.93989538972
939 15 4.93989538972
940 15 4.93989538972
941 15 4.93989538972
942 15 4.93989538972
943 15 4.93989538972
944 15 4.93989538972
945 15 4.93989538972
946 15 4.93989538972
947 15 4.93989538972
948 15 4.93989538972
949 15 4.93989538972
950 15 4.93989538972
951 16 4.49564406587
952 16 4.49564406587
953 16 4.49564406587
954 16 4.49564406587
955 16 4.49564406587
956 16 4.49564406587
957 16 4.49564406587
958 16 4.49564406587
959 16 4.49564406587
960 16 4.49564406587
961 16 4.49564406587
962 16 4.49564406587
963 16 4.49564406587
964 16 4.49564406587
965 16 4.49564406587
966 17 3.88748873431
967 18 3.90278797748
968 19 4.07895440365
969 20 3.99622821961
970 21 4.02179736188
971 22 4.20126567244
972 23 4.25782560091
973 24 4.43632880728
974 25 4.54615199066
975 26 4.53711387228
976 27 4.37708843654
977 28 4.56892629427
978 29 4.67276223956
979 30 4.48453393419
980 31 4.47321169946
981 32 4.68722949132
982 33 4.64741598572
983 34 4.68728257508
984 35 4.49725267844
985 36 4.59028051456
986 37 4.62834307193
987 38 4.41942975666
988 39 4.35803901565
989 40 4.49921238313
990 41 4.45502730073
991 42 4.51988895683
992 43 4.48495070697
993 44 4.31803953076
994 45 4.25085430508
995 46 4.08717378496
996 47 4.04958529798
997 48 3.96904797066
998 49 4.11411933161
999 50 3.99413674722
1000 51 3.87108810457
1001 52 3.97232219214
1002 53 4.0287016556
1003 54 4.02080751654
1004 55 4.19386947571
1005 56 4.19098781261
1006 57 4.32449550074
1007 58 4.34325875829
1008 59 4.39207029854
1009 60 4.22364597942
1010 61 4.17326131112
1011 62 4.11147410442
1012 63 4.10872175301
1013 64 3.91800676848
1014 65 3.86622564264
1015 66 3.8735302005
1016 67 4.03460039634
1017 68 3.93240064153
1018 69 3.74987679284
1019 70 3.86248886355
1020 71 3.86537260006
1021 72 3.67155363869
1022 73 3.54720605681
1023 74 3.60935531261
1024 75 3.69839412461
1025 76 3.61698799019
1026 77 3.66559662909
1027 78 3.58031908487
1028 79 3.62283153633
1029 80 3.64383955882
1030 81 3.56691813268
1031 82 3.62412977399
1032 83 3.5019313272
1033 84 3.5588477033
1034 85 3.45443393691
1035 86 3.2969069173
1036 87 3.12151899792
1037 88 3.12380934901
1038 89 3.3165861255
1039 90 3.42219564318
1040 91 3.48407596908
1041 92 3.68572083625
1042 93 3.78445687083
1043 94 3.90523324366
1044 95 4.0793052448
1045 96 4.00218631908
1046 97 3.99439724672
1047 98 3.92915351068
1048 99 3.86194832204
1049 100 4.02677867809
1050 101 4.08404559088
1051 102 4.07686191911
1052 103 4.10049309356
1053 104 3.95971817942
1054 105 3.99832308354
1055 106 3.87128053359
1056 107 3.93217740731
1057 108 3.86611632296
1058 109 3.76566529228
1059 110 3.78642643761
1060 111 3.67657056746
1061 112 3.56800884559
1062 113 3.53723427008
1063 114 3.3854437376
1064 115 3.35737790959
1065 116 3.43838075951
1066 117 3.4329976373
1067 118 3.59344495457
1068 119 3.70916113386
1069 120 3.7883374051
1070 121 3.95722986122
1071 122 4.02777316333
1072 123 4.09196806921
1073 124 4.06077491195
1074 125 3.89344059213
1075 126 3.79858962956
1076 127 3.71899650323
1077 128 3.8607931295
1078 129 3.90014862249
1079 130 3.75138375357
1080 131 3.73427096667
1081 132 3.86839341566
1082 133 3.83362296352
1083 134 3.69409018195
1084 135 3.76299999099
1085 136 3.87010145399
1086 137 3.76593570129
1087 138 3.71714496623
1088 139 3.77863916816
1089 140 3.74118714912
1090 141 3.77237212656
1091 142 3.93134398806
1092 143 3.9734972952
1093 144 4.13611704645
1094 145 4.13953674884
1095 146 4.06045884148
1096 147 4.16165736605
1097 148 4.10087353156
1098 149 4.18457648308
1099 150 4.1606459318
1100 151 3.98615176743
1101 152 4.03254802407
1102 153 3.94993550522
1103 154 4.03152138312
1104 155 3.97625228926
1105 156 4.01431815327
1106 157 3.90117620572
1107 158 3.972096903
1108 159 3.85839096351
1109 160 3.79516060192
1110 161 3.6431294358
1111 162 3.56127632552
1112 163 4.04486188093
1113 163 4.04486188093
