1 0 23.5075543396
2 0 23.5075543396
3 0 23.5075543396
4 0 23.5075543396
5 0 23.5075543396
6 0 23.5075543396
7 0 23.5075543396
8 0 23.5075543396
9 0 23.5075543396
10 0 23.5075543396
11 0 23.5075543396
12 0 23.5075543396
13 0 23.5075543396
14 0 23.5075543396
15 0 23.5075543396
16 0 23.5075543396
17 0 23.5075543396
18 0 23.5075543396
19 0 23.5075543396
20 0 23.5075543396
21 0 23.5075543396
22 0 23.5075543396
23 0 23.5075543396
24 0 23.5075543396
25 0 23.5075543396
26 0 23.5075543396
27 0 23.5075543396
28 0 23.5075543396
29 0 23.5075543396
30 0 23.5075543396
31 0 23.5075543396
32 0 23.5075543396
33 0 23.5075543396
34 0 23.5075543396
35 0 23.5075543396
36 0 23.5075543396
37 0 23.5075543396
38 0 23.5075543396
39 0 23.5075543396
40 0 23.5075543396
41 0 23.5075543396
42 0 23.5075543396
43 0 23.5075543396
44 0 23.5075543396
45 0 23.5075543396
46 0 23.5075543396
47 0 23.5075543396
48 0 23.5075543396
49 0 23.5075543396
50 0 23.5075543396
51 0 23.5075543396
52 0 23.5075543396
53 0 23.5075543396
54 0 23.5075543396
55 0 23.5075543396
56 0 23.5075543396
57 0 23.5075543396
58 0 23.5075543396
59 0 23.5075543396
60 0 23.5075543396
61 0 23.5075543396
62 0 23.5075543396
63 0 23.5075543396
64 0 23.5075543396
65 0 23.5075543396
66 0 23.5075543396
67 0 23.5075543396
68 0 23.5075543396
69 0 23.5075543396
70 0 23.5075543396
71 0 23.5075543396
72 0 23.5075543396
73 0 23.5075543396
74 0 23.5075543396
75 0 23.5075543396
76 0 23.5075543396
77 0 23.5075543396
78 0 23.5075543396
79 0 23.5075543396
80 0 23.5075543396
81 0 23.5075543396
82 0 23.5075543396
83 0 23.5075543396
84 0 23.5075543396
85 0 23.5075543396
86 0 23.5075543396
87 0 23.5075543396
88 0 23.5075543396
89 0 23.5075543396
90 0 23.5075543396
91 0 23.5075543396
92 0 23.5075543396
93 0 23.5075543396
94 0 23.5075543396
95 0 23.5075543396
96 0 23.5075543396
97 0 23.5075543396
98 0 23.5075543396
99 0 23.5075543396
100 0 23.5075543396
101 1 19.1766131519
102 1 19.1766131519
103 1 19.1766131519
104 1 19.1766131519
105 1 19.1766131519
106 1 19.1766131519
107 1 19.1766131519
108 1 19.1766131519
109 1 19.1766131519
110 1 19.1766131519
111 1 19.1766131519
112 1 19.1766131519
113 1 19.1766131519
114 1 19.1766131519
115 1 19.1766131519
116 1 19.1766131519
117 1 19.1766131519
118 1 19.1766131519
119 1 19.1766131519
120 1 19.1766131519
121 1 19.1766131519
122 1 19.1766131519
123 1 19.1766131519
124 1 19.1766131519
125 1 19.1766131519
126 1 19.1766131519
127 1 19.1766131519
128 1 19.1766131519
129 1 19.1766131519
130 1 19.1766131519
131 1 19.1766131519
132 1 19.1766131519
133 1 19.1766131519
134 1 19.1766131519
135 1 19.1766131519
136 1 19.1766131519
137 1 19.1766131519
138 1 19.1766131519
139 1 19.1766131519
140 1 19.1766131519
141 1 19.1766131519
142 1 19.1766131519
143 1 19.1766131519
144 1 19.1766131519
145 1 19.1766131519
146 1 19.1766131519
147 1 19.1766131519
148 1 19.1766131519
149 1 19.1766131519
150 1 19.1766131519
151 1 19.1766131519
152 1 19.1766131519
153 1 19.1766131519
154 1 19.1766131519
155 1 19.1766131519
156 1 19.1766131519
157 1 19.1766131519
158 1 19.1766131519
159 1 19.1766131519
160 1 19.1766131519
161 1 19.1766131519
162 1 19.1766131519
163 1 19.1766131519
164 1 19.1766131519
165 1 19.1766131519
166 1 19.1766131519
167 1 19.1766131519
168 1 19.1766131519
169 1 19.1766131519
170 1 19.1766131519
171 1 19.1766131519
172 1 19.1766131519
173 1 19.1766131519
174 1 19.1766131519
175 1 19.1766131519
176 1 19.1766131519
177 1 19.1766131519
178 1 19.1766131519
179 1 19.1766131519
180 1 19.1766131519
181 1 19.1766131519
182 1 19.1766131519
183 1 19.1766131519
184 1 19.1766131519
185 1 19.1766131519
186 1 19.1766131519
187 1 19.1766131519
188 1 19.1766131519
189 1 19.1766131519
190 1 19.1766131519
191 1 19.1766131519
192 1 19.1766131519
193 1 19.1766131519
194 1 19.1766131519
195 1 19.1766131519
196 1 19.1766131519
197 1 19.1766131519
198 1 19.1766131519
199 1 19.1766131519
200 1 19.1766131519
201 2 17.9057272646
202 2 17.9057272646
203 2 17.9057272646
204 2 17.9057272646
205 2 17.9057272646
206 2 17.9057272646
207 2 17.9057272646
208 2 17.9057272646
209 2 17.9057272646
210 2 17.9057272646
211 2 17.9057272646
212 2 17.9057272646
213 2 17.9057272646
214 2 17.9057272646
215 2 17.9057272646
216 2 17.9057272646
217 2 17.9057272646
218 2 17.9057272646
219 2 17.9057272646
220 2 17.9057272646
221 2 17.9057272646
222 2 17.9057272646
223 2 17.9057272646
224 2 17.9057272646
225 2 17.9057272646
226 2 17.9057272646
227 2 17.9057272646
228 2 17.9057272646
229 2 17.9057272646
230 2 17.9057272646
231 2 17.9057272646
232 2 17.9057272646
233 2 17.9057272646
234 2 17.9057272646
235 2 17.9057272646
236 2 17.9057272646
237 2 17.9057272646
238 2 17.9057272646
239 2 17.9057272646
240 2 17.9057272646
241 2 17.9057272646
242 2 17.9057272646
243 2 17.9057272646
244 2 17.9057272646
245 2 17.9057272646
246 2 17.9057272646
247 2 17.9057272646
248 2 17.9057272646
249 2 17.9057272646
250 2 17.9057272646
251 2 17.9057272646
252 2 17.9057272646
253 2 17.9057272646
254 2 17.9057272646
255 2 17.9057272646
256 2 17.9057272646
257 2 17.9057272646
258 2 17.9057272646
259 2 17.9057272646
260 2 17.9057272646
261 2 17.9057272646
262 2 17.9057272646
263 2 17.9057272646
264 2 17.9057272646
265 2 17.9057272646
266 2 17.9057272646
267 2 17.9057272646
268 2 17.9057272646
269 2 17.9057272646
270 2 17.9057272646
271 2 17.9057272646
272 2 17.9057272646
273 2 17.9057272646
274 2 17.9057272646
275 2 17.9057272646
276 2 17.9057272646
277 2 17.9057272646
278 2 17.9057272646
279 2 17.9057272646
280 2 17.9057272646
281 2 17.9057272646
282 2 17.9057272646
283 2 17.9057272646
284 2 17.9057272646
285 2 17.9057272646
286 2 17.9057272646
287 2 17.9057272646
288 2 17.9057272646
289 2 17.9057272646
290 2 17.9057272646
291 2 17.9057272646
292 2 17.9057272646
293 2 17.9057272646
294 2 17.9057272646
295 2 17.9057272646
296 2 17.9057272646
297 2 17.9057272646
298 2 17.9057272646
299 2 17.9057272646
300 2 17.9057272646
301 3 17.5284603133
302 3 17.5284603133
303 3 17.5284603133
304 3 17.5284603133
305 3 17.5284603133
306 3 17.5284603133
307 3 17.5284603133
308 3 17.5284603133
309 3 17.5284603133
310 3 17.5284603133
311 3 17.5284603133
312 3 17.5284603133
313 3 17.5284603133
314 3 17.5284603133
315 3 17.5284603133
316 3 17.5284603133
317 3 17.5284603133
318 3 17.5284603133
319 3 17.5284603133
320 3 17.5284603133
321 3 17.5284603133
322 3 17.5284603133
323 3 17.5284603133
324 3 17.5284603133
325 3 17.5284603133
326 3 17.5284603133
327 3 17.5284603133
328 3 17.5284603133
329 3 17.5284603133
330 3 17.5284603133
331 3 17.5284603133
332 3 17.5284603133
333 3 17.5284603133
334 3 17.5284603133
335 3 17.5284603133
336 3 17.5284603133
337 3 17.5284603133
338 3 17.5284603133
339 3 17.5284603133
340 3 17.5284603133
341 3 17.5284603133
342 3 17.5284603133
343 3 17.5284603133
344 3 17.5284603133
345 3 17.5284603133
346 3 17.5284603133
347 3 17.5284603133
348 3 17.5284603133
349 3 17.5284603133
350 3 17.5284603133
351 3 17.5284603133
352 3 17.5284603133
353 3 17.5284603133
354 3 17.5284603133
355 3 17.5284603133
356 3 17.5284603133
357 3 17.5284603133
358 3 17.5284603133
359 3 17.5284603133
360 3 17.5284603133
361 3 17.5284603133
362 3 17.5284603133
363 3 17.5284603133
364 3 17.5284603133
365 3 17.5284603133
366 3 17.5284603133
367 3 17.5284603133
368 3 17.5284603133
369 3 17.5284603133
370 3 17.5284603133
371 3 17.5284603133
372 3 17.5284603133
373 3 17.5284603133
374 3 17.5284603133
375 3 17.5284603133
376 3 17.5284603133
377 3 17.5284603133
378 3 17.5284603133
379 3 17.5284603133
380 3 17.5284603133
381 3 17.5284603133
382 3 17.5284603133
383 3 17.5284603133
384 3 17.5284603133
385 3 17.5284603133
386 3 17.5284603133
387 3 17.5284603133
388 3 17.5284603133
389 3 17.5284603133
390 3 17.5284603133
391 3 17.5284603133
392 3 17.5284603133
393 3 17.5284603133
394 3 17.5284603133
395 3 17.5284603133
396 3 17.5284603133
397 3 17.5284603133
398 3 17.5284603133
399 3 17.5284603133
400 3 17.5284603133
401 4 13.4567479804
402 4 13.4567479804
403 4 13.4567479804
404 4 13.4567479804
405 4 13.4567479804
406 4 13.4567479804
407 4 13.4567479804
408 4 13.4567479804
409 4 13.4567479804
410 4 13.4567479804
411 4 13.4567479804
412 4 13.4567479804
413 4 13.4567479804
414 4 13.4567479804
415 4 13.4567479804
416 4 13.4567479804
417 4 13.4567479804
418 4 13.4567479804
419 4 13.4567479804
420 4 13.4567479804
421 4 13.4567479804
422 4 13.4567479804
423 4 13.4567479804
424 4 13.4567479804
425 4 13.4567479804
426 4 13.4567479804
427 4 13.4567479804
428 4 13.4567479804
429 4 13.4567479804
430 4 13.4567479804
431 4 13.4567479804
432 4 13.4567479804
433 4 13.4567479804
434 4 13.4567479804
435 4 13.4567479804
436 4 13.4567479804
437 4 13.4567479804
438 4 13.4567479804
439 4 13.4567479804
440 4 13.4567479804
441 4 13.4567479804
442 4 13.4567479804
443 4 13.4567479804
444 4 13.4567479804
445 4 13.4567479804
446 4 13.4567479804
447 4 13.4567479804
448 4 13.4567479804
449 4 13.4567479804
450 4 13.4567479804
451 4 13.4567479804
452 4 13.4567479804
453 4 13.4567479804
454 4 13.4567479804
455 4 13.4567479804
456 4 13.4567479804
457 4 13.4567479804
458 4 13.4567479804
459 4 13.4567479804
460 4 13.4567479804
461 4 13.4567479804
462 4 13.4567479804
463 4 13.4567479804
464 4 13.4567479804
465 4 13.4567479804
466 4 13.4567479804
467 4 13.4567479804
468 4 13.4567479804
469 4 13.4567479804
470 4 13.4567479804
471 4 13.4567479804
472 4 13.4567479804
473 4 13.4567479804
474 4 13.4567479804
475 4 13.4567479804
476 4 13.4567479804
477 4 13.4567479804
478 4 13.4567479804
479 4 13.4567479804
480 4 13.4567479804
481 4 13.4567479804
482 4 13.4567479804
483 4 13.4567479804
484 4 13.4567479804
485 4 13.4567479804
486 4 13.4567479804
487 4 13.4567479804
488 4 13.4567479804
489 4 13.4567479804
490 4 13.4567479804
491 4 13.4567479804
492 4 13.4567479804
493 4 13.4567479804
494 4 13.4567479804
495 4 13.4567479804
496 4 13.4567479804
497 4 13.4567479804
498 4 13.4567479804
499 4 13.4567479804
500 4 13.4567479804
501 5 7.90771614059
502 5 7.90771614059
503 5 7.90771614059
504 5 7.90771614059
505 5 7.90771614059
506 5 7.90771614059
507 5 7.90771614059
508 5 7.90771614059
509 5 7.90771614059
510 5 7.90771614059
511 5 7.90771614059
512 5 7.90771614059
513 5 7.90771614059
514 5 7.90771614059
515 5 7.90771614059
516 5 7.90771614059
517 5 7.90771614059
518 5 7.90771614059
519 5 7.90771614059
520 5 7.90771614059
521 5 7.90771614059
522 5 7.90771614059
523 5 7.90771614059
524 5 7.90771614059
525 5 7.90771614059
526 5 7.90771614059
527 5 7.90771614059
528 5 7.90771614059
529 5 7.90771614059
530 5 7.90771614059
531 5 7.90771614059
532 5 7.90771614059
533 5 7.90771614059
534 5 7.90771614059
535 5 7.90771614059
536 5 7.90771614059
537 5 7.90771614059
538 5 7.90771614059
539 5 7.90771614059
540 5 7.90771614059
541 5 7.90771614059
542 5 7.90771614059
543 5 7.90771614059
544 5 7.90771614059
545 5 7.90771614059
546 5 7.90771614059
547 5 7.90771614059
548 5 7.90771614059
549 5 7.90771614059
550 5 7.90771614059
551 5 7.90771614059
552 5 7.90771614059
553 5 7.90771614059
554 5 7.90771614059
555 5 7.90771614059
556 5 7.90771614059
557 5 7.90771614059
558 5 7.90771614059
559 5 7.90771614059
560 5 7.90771614059
561 5 7.90771614059
562 5 7.90771614059
563 5 7.90771614059
564 5 7.90771614059
565 5 7.90771614059
566 5 7.90771614059
567 5 7.90771614059
568 5 7.90771614059
569 5 7.90771614059
570 5 7.90771614059
571 5 7.90771614059
572 5 7.90771614059
573 5 7.90771614059
574 5 7.90771614059
575 5 7.90771614059
576 5 7.90771614059
577 5 7.90771614059
578 5 7.90771614059
579 5 7.90771614059
580 5 7.90771614059
581 5 7.90771614059
582 5 7.90771614059
583 5 7.90771614059
584 5 7.90771614059
585 5 7.90771614059
586 5 7.90771614059
587 5 7.90771614059
588 5 7.90771614059
589 5 7.90771614059
590 5 7.90771614059
591 5 7.90771614059
592 5 7.90771614059
593 5 7.90771614059
594 5 7.90771614059
595 5 7.90771614059
596 5 7.90771614059
597 5 7.90771614059
598 5 7.90771614059
599 5 7.90771614059
600 5 7.90771614059
601 6 10.1487847489
602 6 10.1487847489
603 6 10.1487847489
604 6 10.1487847489
605 6 10.1487847489
606 6 10.1487847489
607 6 10.1487847489
608 6 10.1487847489
609 6 10.1487847489
610 6 10.1487847489
611 6 10.1487847489
612 6 10.1487847489
613 6 10.1487847489
614 6 10.1487847489
615 6 10.1487847489
616 6 10.1487847489
617 6 10.1487847489
618 6 10.1487847489
619 6 10.1487847489
620 6 10.1487847489
621 6 10.1487847489
622 6 10.1487847489
623 6 10.1487847489
624 6 10.1487847489
625 6 10.1487847489
626 6 10.1487847489
627 6 10.1487847489
628 6 10.1487847489
629 6 10.1487847489
630 6 10.1487847489
631 6 10.1487847489
632 6 10.1487847489
633 6 10.1487847489
634 6 10.1487847489
635 6 10.1487847489
636 6 10.1487847489
637 7 4.74952797771
638 8 4.62807325065
639 9 6.29475532646
640 10 5.09116118598
641 11 3.59568317213
642 12 5.30619164447
643 13 5.68045063376
644 14 3.74415036567
645 15 3.85247479847
646 16 5.61500084904
647 17 4.93936681652
648 18 3.30312801463
649 19 4.70738639905
650 20 5.73022117253
651 21 4.22163205031
652 22 3.54439931475
653 23 5.376846856
654 24 4.95646917612
655 25 3.08537487928
656 26 4.02792832115
657 27 5.00822888289
658 28 3.5939180361
659 29 2.78650950636
660 30 4.35416526685
661 31 4.21497681809
662 32 2.5563236609
663 33 3.45023975051
664 34 4.47365998369
665 35 3.10750357946
666 36 2.68341430098
667 37 4.21540355481
668 38 3.82674414792
669 39 2.37029416502
670 40 3.42803956451
671 41 4.45564901239
672 42 3.16724968308
673 43 2.6937929085
674 44 4.22392440648
675 45 3.68823364281
676 46 2.26508980638
677 47 3.44281610416
678 48 4.01894395342
679 49 2.48695814297
680 50 2.76092122
681 51 4.0417685524
682 52 3.33202572496
683 53 2.12699027259
684 54 3.38514388318
685 55 3.75612777342
686 56 2.29502622896
687 57 2.61596594427
688 58 3.91062999086
689 59 3.06339694455
690 60 2.04909191449
691 61 3.47603790234
692 62 3.69786265756
693 63 2.20688774475
694 64 2.86360576641
695 65 4.08770579272
696 66 2.99775489563
697 67 2.24554177207
698 68 3.85899724332
699 69 4.07091099348
700 70 2.38368308815
701 71 2.89815804561
702 72 4.34280482078
703 73 3.37145229851
704 74 2.5558516589
705 75 4.3874201588
706 76 4.8974701958
707 77 3.10518728826
708 78 3.27809794123
709 79 5.14586610442
710 80 4.50867538641
711 81 2.78980223714
712 82 4.35039003172
713 83 5.26321364653
714 84 3.69211396892
715 85 3.7183141494
716 86 5.34659092695
717 87 4.53933502118
718 88 2.84444042326
719 89 4.15331053363
720 90 4.72752021833
721 91 3.00228262101
722 92 2.85490598367
723 93 4.37498112241
724 94 3.71326997655
725 95 2.19098986232
726 96 3.08415279616
727 97 3.55613201916
728 98 6.18526448252
729 98 6.18526448252
730 98 6.18526448252
731 98 6.18526448252
732 98 6.18526448252
733 98 6.18526448252
734 98 6.18526448252
735 98 6.18526448252
736 98 6.18526448252
737 98 6.18526448252
738 99 3.99887437884
739 99 3.99887437884
740 99 3.99887437884
741 99 3.99887437884
742 100 7.67786490421
743 101 8.19723014549
744 102 5.70827140615
745 103 5.48516721604
746 104 7.48637054779
747 105 6.06091363
748 106 4.04346871002
749 107 5.92133919484
750 108 6.41791154179
751 109 3.94669386609
752 110 3.84853316786
753 111 5.90901771032
754 112 5.05335111656
755 113 3.2350958173
756 114 5.45914965931
757 115 5.88155870348
758 116 3.44709276787
759 117 4.22945905348
760 118 6.13271714529
761 119 4.84468855067
762 120 3.08768751606
763 121 5.36250325972
764 122 5.80664414737
765 123 3.43755514923
766 124 4.06849692831
767 125 6.12924276496
768 126 4.9519207279
769 127 3.26721633529
770 128 5.53909123996
771 129 6.17925273748
772 130 4.01680628578
773 131 4.20826388354
774 132 6.5885737775
775 133 6.25116754265
776 134 4.11207431878
777 135 5.56151425371
778 136 7.3341390981
779 137 6.40932246797
780 137 6.40932246797
781 137 6.40932246797
782 137 6.40932246797
783 137 6.40932246797
784 137 6.40932246797
785 137 6.40932246797
786 137 6.40932246797
787 137 6.40932246797
788 138 6.26732118211
789 139 4.82761930992
790 140 4.56725846199
791 141 5.87937823423
792 142 5.33802611558
793 143 3.77409355562
794 144 4.53558239927
795 145 5.55855938905
796 146 4.40229813312
797 147 3.18261515847
798 148 4.54784776209
799 149 4.64770689747
800 150 2.83596009536
801 151 3.19476965684
802 152 4.46952598649
803 153 3.42894059891
804 154 2.05157561929
805 155 3.51201878856
806 156 3.70006031323
807 157 2.00506452192
808 158 2.42546520417
809 159 3.74960962996
810 160 3.08814091634
811 161 1.84792025247
812 162 3.10726118392
813 163 3.51366241046
814 164 2.32139541788
815 165 2.53479027927
816 166 3.68501408587
817 167 3.02116726261
818 168 2.42052904699
819 169 3.76437317289
820 170 3.50595834318
821 171 2.64651989683
822 172 4.00612137323
823 173 4.16765520342
