1 0 35.5697439677
2 0 35.5697439677
3 0 35.5697439677
4 0 35.5697439677
5 0 35.5697439677
6 0 35.5697439677
7 1 31.5523209245
8 2 30.4884574245
9 3 33.03096046
10 4 31.9372998281
11 5 32.4174296017
12 6 29.2179634746
13 7 28.1920248168
14 8 30.0904141817
15 9 28.597373047
16 10 29.1398971775
17 11 27.7129987395
18 11 27.7129987395
19 11 27.7129987395
20 11 27.7129987395
21 11 27.7129987395
22 11 27.7129987395
23 12 19.8074907497
24 13 20.4204497362
25 14 18.9636959482
26 15 20.031639481
27 16 18.9434374594
28 17 20.5314553018
29 18 20.4141399186
30 19 21.8413073587
31 20 21.9663417527
32 21 22.9605516156
33 22 25.4787067662
34 23 24.6762234616
35 24 23.9041924144
36 25 22.305369548
37 26 22.6893621988
38 27 21.5058082823
39 28 23.1178504144
40 29 24.0052121691
41 30 22.5952856617
42 31 24.2808012957
43 32 23.5093719852
44 33 25.6086750859
45 34 25.7640561377
46 35 28.0085248322
47 36 28.4277003447
48 37 29.7744798585
49 38 31.6063788559
50 39 32.5758996
51 40 33.3264684893
52 41 35.6613829705
53 42 34.1057541392
54 43 30.8288518195
55 44 29.9413788116
56 45 28.1421811161
57 46 26.5634560068
58 47 25.9689476346
59 48 23.5703677022
60 49 23.8979556376
61 50 24.9011626613
62 51 22.2243112098
63 52 20.6076262739
64 53 21.2671326791
65 54 19.242031292
66 55 19.0232600539
67 56 17.8322233621
68 57 16.1118855719
69 58 15.0493698776
70 59 13.1971110872
71 60 13.8882508906
72 61 12.8338937797
73 62 14.5257743703
74 63 13.9730727721
75 64 14.7557265856
76 65 17.5643012224
77 66 18.678547425
78 67 19.6139390559
79 68 17.2191488556
80 69 16.0615869692
81 70 13.6874008774
82 71 14.4626094925
83 72 13.3686938205
84 73 14.1035134823
85 74 14.5455675431
86 75 15.74000886
87 76 14.6821676927
88 77 13.4451654762
89 78 15.3429540706
90 79 15.7290760457
91 80 18.6560046965
92 81 20.6041435388
93 82 22.2758325721
94 83 25.6792413795
95 84 26.536101838
96 85 29.8438444501
97 86 30.7411831954
98 87 32.798265276
99 88 33.7622938078
100 89 31.0903300974
101 90 32.7123741146
102 91 32.5571165256
103 92 30.259698194
104 93 29.8305516043
105 94 29.3493151929
106 95 27.1463928145
107 96 25.2786274581
108 97 25.1810099445
109 98 23.0945037857
110 99 20.8570175789
111 100 19.0861213674
112 101 16.547348103
113 102 15.8022682883
114 103 14.1374723145
115 104 14.855106632
116 105 14.0718377613
117 106 16.3049108451
118 107 15.6091082827
119 108 14.8898910236
120 109 16.7046141582
121 110 20.9142802867
122 110 20.9142802867
123 111 16.6351896889
124 112 14.8510481286
125 113 13.195449073
126 114 13.5845228081
127 115 12.2099276339
128 116 10.2971398459
129 117 8.38654890054
130 118 8.01599232567
131 119 7.1342719139
132 120 8.97562576546
133 121 7.80221527259
134 122 9.14678338254
135 123 10.5894407741
136 124 12.1930976113
137 125 15.8442353459
138 126 17.5196080027
139 127 14.3512229871
140 128 14.2094392677
141 129 10.766863292
142 130 8.92579806029
143 131 6.17572662494
144 132 7.37638817308
145 133 7.49414273339
146 134 9.67569789422
147 135 11.32066717
148 136 11.0552496453
149 137 9.21965438643
150 138 8.22286234645
151 139 5.89885458016
152 140 6.88584050888
153 141 7.66585202902
154 142 10.3722258347
155 143 12.9030225877
156 144 14.5594857185
157 145 17.4831335815
158 146 17.699733441
159 147 17.7905658446
160 148 18.9577521283
161 149 15.8985980056
162 150 14.4114950342
163 151 11.3825315729
164 152 10.0317007555
165 153 8.91346993559
166 154 7.95719344049
167 155 8.9311198488
168 156 11.1645409402
169 157 13.4983801343
170 158 16.2816372619
171 159 19.4909988621
172 160 20.4733167984
173 161 22.5017045085
174 162 22.9120954191
175 163 20.6276333829
176 164 17.1967196587
177 165 16.7714579414
178 166 13.2119570121
179 167 11.1351386484
180 168 12.3485368025
181 169 12.207275538
182 170 9.07693984868
183 171 9.41598745987
184 172 6.92751544173
185 173 4.10287712126
186 174 4.13256824234
187 175 3.39255354909
188 176 4.14263125747
189 177 7.20977701714
190 178 6.99492288531
191 179 6.68441860442
192 180 5.31879922495
193 181 2.69945041498
194 182 0.834019468889
195 183 3.21427364317
196 184 5.28814003495
197 185 8.37073699444
198 186 10.7682205098
199 187 14.058603159
200 188 16.157955842
201 189 18.1221639984
202 190 17.8156350299
203 191 14.560799349
204 192 12.6410036883
205 193 9.34971996385
206 194 7.77912461108
207 195 4.89817160596
208 196 4.26471316636
209 197 4.76423068036
210 198 5.71017799466
211 199 4.99813344742
212 200 7.73722371917
213 201 9.74807219009
214 202 12.9577508444
215 203 14.5324121464
216 204 12.8016586976
217 205 14.2119628969
218 206 14.4033850641
219 207 16.898165291
220 208 18.1195147474
221 209 16.6323945377
222 210 13.5428204706
223 211 14.3055556527
224 212 15.3617107334
225 213 13.2283211711
226 214 11.2823096751
227 215 13.5006675997
228 216 14.523318882
229 217 12.6773096122
230 218 12.3390011305
231 219 14.8907137721
232 220 15.36457373
233 221 13.9227777489
234 222 15.1164557198
235 223 17.2273101535
236 224 16.6935615257
237 225 17.1698838089
238 226 19.6528497686
239 227 21.4319400991
240 228 21.0915671126
241 229 18.5330636546
242 230 18.5226082222
243 231 18.8895210455
244 232 16.7744114916
245 233 14.6376204231
246 234 15.8114182464
247 235 15.6986491474
248 236 12.7732688268
249 237 12.6094659311
250 238 14.5626343042
251 239 13.6749016927
252 240 11.3655463066
253 241 13.3251661367
254 242 15.1066383034
255 243 13.4675014468
256 244 12.8467231169
257 245 15.7555626409
258 246 16.8304476165
259 247 15.4294196018
260 248 17.1604105338
261 249 19.7564314308
262 250 19.8694487816
263 251 18.9247648876
264 252 21.5029586785
265 253 22.2851902346
266 254 24.6000630056
267 255 22.149407219
268 256 19.3062491381
269 257 17.510472081
270 258 16.7711650379
271 259 16.6016975774
272 260 14.3134671678
273 261 15.8440431812
274 262 14.7427544564
275 263 15.8519150923
276 264 12.9305158283
277 265 10.8466018723
278 266 11.6819640225
279 267 9.57525126375
280 268 9.79215407187
281 269 8.25164192746
282 270 9.04032829686
283 271 10.8588743864
284 272 12.3583919874
285 273 11.3819860169
286 274 14.1715016564
287 275 14.6020267853
288 276 16.8402130933
289 277 19.0079989302
290 278 19.0959349161
291 279 21.4018773627
292 280 24.0849754743
293 281 24.5414835352
294 282 21.3169954312
295 283 22.2759068761
296 284 23.7465163755
297 285 20.8074308544
298 286 17.4914707125
299 287 14.4501533127
300 288 13.108631131
301 289 10.7693474627
302 290 9.13648265596
303 291 9.74379540337
304 292 8.62197793453
305 293 11.1732199758
306 294 11.5640797242
307 295 13.2527926689
308 296 14.365421709
309 297 14.7796669825
310 298 12.9527562324
311 299 10.1458751337
312 300 10.2108103988
313 301 9.29130891366
314 302 10.3185151255
315 303 9.32496383884
316 304 12.0107488587
317 305 12.5204637025
318 306 14.6935739403
319 307 16.9945706117
320 308 19.1442251449
321 309 21.7953600089
322 310 20.7194115262
323 311 20.0216248832
324 312 17.602320716
325 313 16.1150368362
326 314 14.4580037043
327 315 12.2097863665
328 316 10.8578646525
329 317 9.35050472269
330 318 11.4491055032
331 319 11.3001908288
332 320 10.3377011284
333 321 8.60910710064
334 322 9.12560960586
335 323 8.17404757566
336 324 9.78475729834
337 325 11.3116276388
338 326 14.0209400386
339 327 14.2731700446
340 328 14.6637545281
341 329 14.3342355361
342 330 12.92039224
343 331 12.7534142146
344 332 12.5438255966
345 333 11.5939603863
346 334 10.2521641824
347 335 11.5650334563
348 336 11.3863975642
349 337 13.8013152642
350 338 15.6074526852
351 339 16.2968550217
352 340 18.4635206546
353 341 19.7520329617
354 342 21.2591290439
355 343 23.1498735775
356 344 23.6163853745
357 345 24.8728037276
358 346 23.2523703918
359 347 20.5750729166
360 348 17.8930236582
361 349 15.9079357269
362 350 13.8342896065
363 351 13.5304001267
364 352 13.6193285052
365 353 13.916031132
366 354 15.6940524293
367 355 14.9040638367
368 356 18.1318906514
369 357 17.9886297815
370 358 16.1131054442
371 359 15.9198639409
372 360 17.5731328878
373 361 16.8038655614
374 362 17.9415899906
375 363 18.0499971425
376 364 18.2005943079
377 365 20.0669389399
378 366 21.3686120991
379 367 23.4908062499
380 368 23.5965123526
381 369 21.7750682699
382 370 22.8414920219
383 371 21.828247945
384 372 21.0786746727
385 373 20.6439027905
386 374 18.8061690713
387 375 18.8366756443
388 376 21.012064677
389 377 18.7972248289
390 378 16.165186198
391 379 17.4637132345
392 380 17.9176090816
393 381 15.5347865005
394 382 14.6071477739
395 383 16.8874556945
396 384 16.6705222778
397 385 14.6681086743
398 386 15.8579890574
399 387 18.0354272546
400 388 17.6945199713
401 389 18.7992341247
402 390 18.43024325
403 391 20.5584376661
404 392 20.2380814142
405 393 19.2302962342
406 394 21.599511547
407 395 23.4014543569
408 396 21.8544504496
409 397 22.8196047741
410 398 20.4938283089
411 399 22.4607937726
412 400 21.7637271437
413 401 24.4339431289
414 402 25.4229055494
415 403 26.6777730611
416 404 26.7963553777
417 405 25.3110658012
418 406 25.9145439744
419 407 25.9518629889
420 408 23.439550584
421 409 22.8208390222
422 410 20.0349421466
423 411 17.7650372018
424 412 18.7300257722
425 413 17.6032386218
426 414 18.3628741659
427 415 19.5025456984
428 416 21.0309253815
429 417 24.0820603181
430 418 26.0379181536
431 419 29.2337292306
432 420 32.0297477977
433 421 30.6409535112
434 422 29.1883184074
435 423 25.94886874
436 424 25.4851908666
437 425 23.2198181127
438 426 23.1764095915
439 427 22.2177261413
440 428 21.4939413379
441 429 21.2446228983
442 430 21.8652832797
443 431 24.679888842
444 432 25.3266795256
445 433 25.2931128288
446 434 26.3900197222
447 435 26.8279050691
448 436 27.2403604652
449 437 27.9025068237
450 438 25.5202386899
451 439 26.16980371
452 440 24.581237709
453 441 5.41736995845
454 441 5.41736995845
455 441 5.41736995845
456 441 5.41736995845
457 441 5.41736995845
458 441 5.41736995845
459 441 5.41736995845
460 441 5.41736995845
461 441 5.41736995845
462 441 5.41736995845
463 442 4.39348849382
464 442 4.39348849382
465 442 4.39348849382
466 442 4.39348849382
467 442 4.39348849382
468 442 4.39348849382
469 442 4.39348849382
470 442 4.39348849382
471 442 4.39348849382
472 442 4.39348849382
473 443 4.00041152853
474 443 4.00041152853
475 443 4.00041152853
476 443 4.00041152853
477 443 4.00041152853
478 443 4.00041152853
479 443 4.00041152853
480 443 4.00041152853
481 443 4.00041152853
482 443 4.00041152853
483 444 4.16362062951
484 444 4.16362062951
485 444 4.16362062951
486 444 4.16362062951
487 444 4.16362062951
488 444 4.16362062951
489 444 4.16362062951
490 444 4.16362062951
491 444 4.16362062951
492 444 4.16362062951
493 445 3.93281012549
494 445 3.93281012549
495 445 3.93281012549
496 445 3.93281012549
497 445 3.93281012549
498 445 3.93281012549
499 445 3.93281012549
500 445 3.93281012549
501 445 3.93281012549
502 445 3.93281012549
503 446 4.3095617128
504 446 4.3095617128
505 446 4.3095617128
506 446 4.3095617128
507 446 4.3095617128
508 446 4.3095617128
509 446 4.3095617128
510 446 4.3095617128
511 446 4.3095617128
512 446 4.3095617128
513 447 4.02426121154
514 447 4.02426121154
515 447 4.02426121154
516 447 4.02426121154
517 447 4.02426121154
518 447 4.02426121154
519 447 4.02426121154
520 447 4.02426121154
521 447 4.02426121154
522 448 4.52869588408
523 449 5.12743296796
524 450 3.93172551291
525 451 3.41492538752
526 452 4.39461947489
527 453 4.17420531709
528 454 3.05146375803
529 455 3.32231036598
530 456 4.0197471531
531 457 3.22541346699
532 458 2.59962125325
533 459 3.43785634974
534 460 3.40986198877
535 461 2.49207767301
536 462 2.77671267678
537 463 3.40070400664
538 464 2.70886348954
539 465 2.34335971822
540 466 3.29561036064
541 467 3.0489795666
542 468 2.20197340358
543 469 3.08423757372
544 470 3.52689482154
545 471 2.53222313578
546 472 2.63607532404
547 473 3.89284435722
548 474 3.34148552879
549 475 2.32489508471
550 476 3.73076853439
551 477 4.29317797147
552 478 2.91635875734
553 479 3.06077991923
554 480 4.64897662288
555 481 4.00363938307
556 482 2.68843382693
557 483 4.23276060578
558 484 5.00670285358
559 485 3.45611280264
560 486 3.38992996801
561 487 4.99497253226
562 488 4.36173587491
563 489 2.74283227603
564 490 4.02875909353
565 491 4.90691236645
566 492 3.48366208552
567 493 2.86229901027
568 494 4.58018478692
569 495 4.30370498664
570 496 2.64430930093
571 497 3.89160265641
572 498 4.9922418133
573 499 3.62786535415
574 500 3.03103613373
575 501 4.98018008582
576 502 4.78134028198
577 503 3.03309017106
578 504 4.26734089223
579 505 5.73294090692
580 506 4.45599917728
581 507 3.69648275739
582 508 6.49169206727
583 509 5.39286957263
584 510 3.55233009906
585 511 4.77006269369
586 512 5.75367494138
587 513 4.02660174758
588 514 3.30326089307
589 515 5.13418489705
590 516 4.98183410061
591 517 2.98403049899
592 518 3.8124695716
593 519 5.08946728033
594 520 3.65591528114
595 521 2.69316470141
596 522 4.46110399026
597 523 4.31630585772
598 524 2.41629326745
599 525 3.19449744266
600 526 4.2278678113
601 527 2.79082112184
602 528 2.11468626547
603 529 3.65425766926
604 530 3.27348937675
605 531 1.80654706476
606 532 3.03638822483
607 533 3.75455793547
608 534 2.38868386718
609 535 2.64018549949
610 536 4.19814096908
611 537 3.35982294976
612 538 2.03684454814
613 539 7.35151028445
614 539 7.35151028445
615 539 7.35151028445
616 539 7.35151028445
617 539 7.35151028445
618 539 7.35151028445
619 539 7.35151028445
620 539 7.35151028445
621 539 7.35151028445
622 539 7.35151028445
623 540 9.09136100528
624 540 9.09136100528
625 541 1.63334423748
626 542 1.70826813626
627 543 1.2239605139
628 544 2.62496284313
629 545 2.65033692136
630 546 1.11842259775
631 547 2.09956550474
632 548 3.42054132174
633 549 2.30883497096
634 550 1.35235803158
635 551 3.73201841099
636 552 4.03397561251
637 553 2.0273517166
638 554 3.02282536853
639 555 5.14724664481
640 556 4.19409731385
641 557 2.91788558423
642 558 7.91314044786
643 559 7.10976025161
644 560 4.50745974669
645 561 4.58006134921
646 562 5.855296629
647 563 4.02852064148
648 564 2.3414565626
649 565 4.64093767826
650 566 4.73141478314
651 567 2.09421677841
652 568 2.78147408455
653 569 4.3037536992
654 570 2.79103620287
655 571 1.23664898855
656 572 3.24242645562
657 573 3.02135880348
658 574 1.10336630432
659 575 2.34722825051
660 576 3.51443336119
661 577 1.77688252114
662 578 1.38141971603
663 579 3.35207330304
664 580 3.00514545153
665 581 1.44708923436
666 582 2.88636030513
667 583 4.28097682252
668 584 2.61571701285
669 585 2.80953475135
670 586 6.57408754711
671 586 6.57408754711
672 586 6.57408754711
673 586 6.57408754711
674 586 6.57408754711
675 586 6.57408754711
676 586 6.57408754711
677 586 6.57408754711
678 587 4.66321092149
679 588 4.59316435502
680 589 2.91910907696
681 590 4.34816943886
682 591 4.88394359424
683 592 3.24950492203
684 593 3.51871092067
685 594 4.99407407048
686 595 4.10084490756
687 596 2.80348362488
688 597 4.63417707579
689 598 4.96475115519
690 599 3.07531031737
691 600 3.72608255572
692 601 5.29989518186
693 602 4.29389296826
694 603 2.8422734537
695 604 4.63774912059
696 605 5.17573306854
697 606 3.32004687621
698 607 3.45618143908
699 608 5.25664428247
700 609 4.56824682048
701 610 3.03734366527
702 611 4.68602093238
703 612 5.50539089135
704 613 3.79965286893
705 614 3.96925951361
706 615 5.90064541645
707 616 5.54744900588
708 617 3.99668381355
709 618 5.24526311144
710 619 6.12873453299
711 620 4.62126289365
712 621 4.65649567832
713 622 6.08708129949
