1 0 15.8365014734
2 0 15.8365014734
3 0 15.8365014734
4 0 15.8365014734
5 0 15.8365014734
6 0 15.8365014734
7 0 15.8365014734
8 0 15.8365014734
9 0 15.8365014734
10 0 15.8365014734
11 0 15.8365014734
12 0 15.8365014734
13 0 15.8365014734
14 0 15.8365014734
15 0 15.8365014734
16 0 15.8365014734
17 0 15.8365014734
18 0 15.8365014734
19 0 15.8365014734
20 0 15.8365014734
21 0 15.8365014734
22 0 15.8365014734
23 0 15.8365014734
24 0 15.8365014734
25 0 15.8365014734
26 0 15.8365014734
27 0 15.8365014734
28 0 15.8365014734
29 0 15.8365014734
30 0 15.8365014734
31 0 15.8365014734
32 0 15.8365014734
33 0 15.8365014734
34 0 15.8365014734
35 0 15.8365014734
36 0 15.8365014734
37 0 15.8365014734
38 0 15.8365014734
39 0 15.8365014734
40 0 15.8365014734
41 0 15.8365014734
42 0 15.8365014734
43 0 15.8365014734
44 0 15.8365014734
45 0 15.8365014734
46 0 15.8365014734
47 0 15.8365014734
48 0 15.8365014734
49 0 15.8365014734
50 0 15.8365014734
51 0 15.8365014734
52 0 15.8365014734
53 0 15.8365014734
54 0 15.8365014734
55 0 15.8365014734
56 0 15.8365014734
57 0 15.8365014734
58 0 15.8365014734
59 0 15.8365014734
60 0 15.8365014734
61 0 15.8365014734
62 0 15.8365014734
63 0 15.8365014734
64 0 15.8365014734
65 0 15.8365014734
66 0 15.8365014734
67 0 15.8365014734
68 0 15.8365014734
69 0 15.8365014734
70 0 15.8365014734
71 0 15.8365014734
72 0 15.8365014734
73 0 15.8365014734
74 0 15.8365014734
75 0 15.8365014734
76 0 15.8365014734
77 0 15.8365014734
78 0 15.8365014734
79 0 15.8365014734
80 0 15.8365014734
81 0 15.8365014734
82 0 15.8365014734
83 0 15.8365014734
84 0 15.8365014734
85 0 15.8365014734
86 0 15.8365014734
87 0 15.8365014734
88 0 15.8365014734
89 0 15.8365014734
90 0 15.8365014734
91 0 15.8365014734
92 0 15.8365014734
93 0 15.8365014734
94 0 15.8365014734
95 0 15.8365014734
96 0 15.8365014734
97 0 15.8365014734
98 0 15.8365014734
99 0 15.8365014734
100 0 15.8365014734
101 1 13.0542727623
102 1 13.0542727623
103 1 13.0542727623
104 1 13.0542727623
105 1 13.0542727623
106 1 13.0542727623
107 1 13.0542727623
108 1 13.0542727623
109 1 13.0542727623
110 1 13.0542727623
111 1 13.0542727623
112 1 13.0542727623
113 1 13.0542727623
114 1 13.0542727623
115 1 13.0542727623
116 1 13.0542727623
117 1 13.0542727623
118 1 13.0542727623
119 1 13.0542727623
120 1 13.0542727623
121 1 13.0542727623
122 1 13.0542727623
123 1 13.0542727623
124 1 13.0542727623
125 1 13.0542727623
126 1 13.0542727623
127 1 13.0542727623
128 1 13.0542727623
129 1 13.0542727623
130 1 13.0542727623
131 1 13.0542727623
132 1 13.0542727623
133 1 13.0542727623
134 1 13.0542727623
135 1 13.0542727623
136 1 13.0542727623
137 1 13.0542727623
138 1 13.0542727623
139 1 13.0542727623
140 1 13.0542727623
141 1 13.0542727623
142 1 13.0542727623
143 1 13.0542727623
144 1 13.0542727623
145 1 13.0542727623
146 1 13.0542727623
147 1 13.0542727623
148 1 13.0542727623
149 1 13.0542727623
150 1 13.0542727623
151 1 13.0542727623
152 1 13.0542727623
153 1 13.0542727623
154 1 13.0542727623
155 1 13.0542727623
156 1 13.0542727623
157 1 13.0542727623
158 1 13.0542727623
159 1 13.0542727623
160 1 13.0542727623
161 1 13.0542727623
162 1 13.0542727623
163 1 13.0542727623
164 1 13.0542727623
165 1 13.0542727623
166 1 13.0542727623
167 1 13.0542727623
168 1 13.0542727623
169 1 13.0542727623
170 1 13.0542727623
171 1 13.0542727623
172 1 13.0542727623
173 1 13.0542727623
174 1 13.0542727623
175 1 13.0542727623
176 1 13.0542727623
177 1 13.0542727623
178 1 13.0542727623
179 1 13.0542727623
180 1 13.0542727623
181 1 13.0542727623
182 1 13.0542727623
183 1 13.0542727623
184 1 13.0542727623
185 1 13.0542727623
186 1 13.0542727623
187 1 13.0542727623
188 1 13.0542727623
189 1 13.0542727623
190 1 13.0542727623
191 1 13.0542727623
192 1 13.0542727623
193 1 13.0542727623
194 1 13.0542727623
195 1 13.0542727623
196 1 13.0542727623
197 1 13.0542727623
198 1 13.0542727623
199 1 13.0542727623
200 1 13.0542727623
201 2 12.2160777315
202 2 12.2160777315
203 2 12.2160777315
204 2 12.2160777315
205 2 12.2160777315
206 2 12.2160777315
207 2 12.2160777315
208 2 12.2160777315
209 2 12.2160777315
210 2 12.2160777315
211 2 12.2160777315
212 2 12.2160777315
213 2 12.2160777315
214 2 12.2160777315
215 2 12.2160777315
216 2 12.2160777315
217 2 12.2160777315
218 2 12.2160777315
219 2 12.2160777315
220 2 12.2160777315
221 2 12.2160777315
222 2 12.2160777315
223 2 12.2160777315
224 2 12.2160777315
225 2 12.2160777315
226 2 12.2160777315
227 2 12.2160777315
228 2 12.2160777315
229 2 12.2160777315
230 2 12.2160777315
231 2 12.2160777315
232 2 12.2160777315
233 2 12.2160777315
234 2 12.2160777315
235 2 12.2160777315
236 2 12.2160777315
237 2 12.2160777315
238 2 12.2160777315
239 2 12.2160777315
240 2 12.2160777315
241 2 12.2160777315
242 2 12.2160777315
243 2 12.2160777315
244 2 12.2160777315
245 2 12.2160777315
246 2 12.2160777315
247 2 12.2160777315
248 2 12.2160777315
249 2 12.2160777315
250 2 12.2160777315
251 2 12.2160777315
252 2 12.2160777315
253 2 12.2160777315
254 2 12.2160777315
255 2 12.2160777315
256 2 12.2160777315
257 2 12.2160777315
258 2 12.2160777315
259 2 12.2160777315
260 2 12.2160777315
261 2 12.2160777315
262 2 12.2160777315
263 2 12.2160777315
264 2 12.2160777315
265 2 12.2160777315
266 2 12.2160777315
267 2 12.2160777315
268 2 12.2160777315
269 2 12.2160777315
270 2 12.2160777315
271 2 12.2160777315
272 2 12.2160777315
273 2 12.2160777315
274 2 12.2160777315
275 2 12.2160777315
276 2 12.2160777315
277 2 12.2160777315
278 2 12.2160777315
279 2 12.2160777315
280 2 12.2160777315
281 2 12.2160777315
282 2 12.2160777315
283 2 12.2160777315
284 2 12.2160777315
285 2 12.2160777315
286 2 12.2160777315
287 2 12.2160777315
288 2 12.2160777315
289 2 12.2160777315
290 2 12.2160777315
291 2 12.2160777315
292 2 12.2160777315
293 2 12.2160777315
294 2 12.2160777315
295 2 12.2160777315
296 2 12.2160777315
297 2 12.2160777315
298 2 12.2160777315
299 2 12.2160777315
300 2 12.2160777315
301 3 10.9737848047
302 3 10.9737848047
303 3 10.9737848047
304 3 10.9737848047
305 3 10.9737848047
306 3 10.9737848047
307 3 10.9737848047
308 3 10.9737848047
309 3 10.9737848047
310 3 10.9737848047
311 3 10.9737848047
312 3 10.9737848047
313 3 10.9737848047
314 3 10.9737848047
315 3 10.9737848047
316 3 10.9737848047
317 3 10.9737848047
318 3 10.9737848047
319 3 10.9737848047
320 3 10.9737848047
321 3 10.9737848047
322 3 10.9737848047
323 3 10.9737848047
324 3 10.9737848047
325 3 10.9737848047
326 3 10.9737848047
327 3 10.9737848047
328 3 10.9737848047
329 3 10.9737848047
330 3 10.9737848047
331 3 10.9737848047
332 3 10.9737848047
333 3 10.9737848047
334 3 10.9737848047
335 3 10.9737848047
336 3 10.9737848047
337 3 10.9737848047
338 3 10.9737848047
339 3 10.9737848047
340 3 10.9737848047
341 3 10.9737848047
342 3 10.9737848047
343 3 10.9737848047
344 3 10.9737848047
345 3 10.9737848047
346 3 10.9737848047
347 3 10.9737848047
348 3 10.9737848047
349 3 10.9737848047
350 3 10.9737848047
351 3 10.9737848047
352 3 10.9737848047
353 3 10.9737848047
354 3 10.9737848047
355 3 10.9737848047
356 3 10.9737848047
357 3 10.9737848047
358 3 10.9737848047
359 3 10.9737848047
360 3 10.9737848047
361 3 10.9737848047
362 3 10.9737848047
363 3 10.9737848047
364 3 10.9737848047
365 3 10.9737848047
366 3 10.9737848047
367 3 10.9737848047
368 3 10.9737848047
369 3 10.9737848047
370 3 10.9737848047
371 3 10.9737848047
372 3 10.9737848047
373 3 10.9737848047
374 3 10.9737848047
375 3 10.9737848047
376 3 10.9737848047
377 3 10.9737848047
378 3 10.9737848047
379 3 10.9737848047
380 3 10.9737848047
381 3 10.9737848047
382 3 10.9737848047
383 3 10.9737848047
384 3 10.9737848047
385 3 10.9737848047
386 3 10.9737848047
387 3 10.9737848047
388 3 10.9737848047
389 3 10.9737848047
390 3 10.9737848047
391 3 10.9737848047
392 3 10.9737848047
393 3 10.9737848047
394 3 10.9737848047
395 3 10.9737848047
396 3 10.9737848047
397 3 10.9737848047
398 3 10.9737848047
399 3 10.9737848047
400 3 10.9737848047
401 4 10.3917420211
402 4 10.3917420211
403 4 10.3917420211
404 4 10.3917420211
405 4 10.3917420211
406 4 10.3917420211
407 4 10.3917420211
408 4 10.3917420211
409 4 10.3917420211
410 4 10.3917420211
411 4 10.3917420211
412 4 10.3917420211
413 4 10.3917420211
414 4 10.3917420211
415 4 10.3917420211
416 4 10.3917420211
417 4 10.3917420211
418 4 10.3917420211
419 4 10.3917420211
420 4 10.3917420211
421 4 10.3917420211
422 4 10.3917420211
423 4 10.3917420211
424 4 10.3917420211
425 4 10.3917420211
426 4 10.3917420211
427 4 10.3917420211
428 4 10.3917420211
429 4 10.3917420211
430 4 10.3917420211
431 4 10.3917420211
432 4 10.3917420211
433 4 10.3917420211
434 4 10.3917420211
435 4 10.3917420211
436 4 10.3917420211
437 4 10.3917420211
438 4 10.3917420211
439 4 10.3917420211
440 4 10.3917420211
441 4 10.3917420211
442 4 10.3917420211
443 4 10.3917420211
444 4 10.3917420211
445 4 10.3917420211
446 4 10.3917420211
447 4 10.3917420211
448 4 10.3917420211
449 4 10.3917420211
450 4 10.3917420211
451 4 10.3917420211
452 4 10.3917420211
453 4 10.3917420211
454 4 10.3917420211
455 4 10.3917420211
456 4 10.3917420211
457 4 10.3917420211
458 4 10.3917420211
459 4 10.3917420211
460 4 10.3917420211
461 4 10.3917420211
462 4 10.3917420211
463 4 10.3917420211
464 4 10.3917420211
465 4 10.3917420211
466 4 10.3917420211
467 4 10.3917420211
468 4 10.3917420211
469 4 10.3917420211
470 4 10.3917420211
471 4 10.3917420211
472 4 10.3917420211
473 4 10.3917420211
474 4 10.3917420211
475 4 10.3917420211
476 4 10.3917420211
477 4 10.3917420211
478 4 10.3917420211
479 4 10.3917420211
480 4 10.3917420211
481 4 10.3917420211
482 4 10.3917420211
483 4 10.3917420211
484 4 10.3917420211
485 4 10.3917420211
486 4 10.3917420211
487 4 10.3917420211
488 4 10.3917420211
489 4 10.3917420211
490 4 10.3917420211
491 4 10.3917420211
492 4 10.3917420211
493 4 10.3917420211
494 4 10.3917420211
495 4 10.3917420211
496 4 10.3917420211
497 4 10.3917420211
498 4 10.3917420211
499 4 10.3917420211
500 4 10.3917420211
501 5 8.12861184917
502 5 8.12861184917
503 5 8.12861184917
504 5 8.12861184917
505 5 8.12861184917
506 5 8.12861184917
507 5 8.12861184917
508 5 8.12861184917
509 5 8.12861184917
510 5 8.12861184917
511 5 8.12861184917
512 5 8.12861184917
513 5 8.12861184917
514 5 8.12861184917
515 5 8.12861184917
516 5 8.12861184917
517 5 8.12861184917
518 5 8.12861184917
519 5 8.12861184917
520 5 8.12861184917
521 5 8.12861184917
522 5 8.12861184917
523 5 8.12861184917
524 5 8.12861184917
525 5 8.12861184917
526 5 8.12861184917
527 5 8.12861184917
528 5 8.12861184917
529 5 8.12861184917
530 5 8.12861184917
531 5 8.12861184917
532 5 8.12861184917
533 5 8.12861184917
534 5 8.12861184917
535 5 8.12861184917
536 5 8.12861184917
537 5 8.12861184917
538 5 8.12861184917
539 5 8.12861184917
540 5 8.12861184917
541 5 8.12861184917
542 5 8.12861184917
543 5 8.12861184917
544 5 8.12861184917
545 5 8.12861184917
546 5 8.12861184917
547 5 8.12861184917
548 5 8.12861184917
549 5 8.12861184917
550 5 8.12861184917
551 5 8.12861184917
552 5 8.12861184917
553 5 8.12861184917
554 5 8.12861184917
555 5 8.12861184917
556 5 8.12861184917
557 5 8.12861184917
558 5 8.12861184917
559 5 8.12861184917
560 5 8.12861184917
561 5 8.12861184917
562 5 8.12861184917
563 5 8.12861184917
564 5 8.12861184917
565 5 8.12861184917
566 5 8.12861184917
567 5 8.12861184917
568 5 8.12861184917
569 5 8.12861184917
570 5 8.12861184917
571 5 8.12861184917
572 5 8.12861184917
573 5 8.12861184917
574 5 8.12861184917
575 5 8.12861184917
576 5 8.12861184917
577 5 8.12861184917
578 5 8.12861184917
579 5 8.12861184917
580 5 8.12861184917
581 5 8.12861184917
582 5 8.12861184917
583 5 8.12861184917
584 5 8.12861184917
585 5 8.12861184917
586 5 8.12861184917
587 5 8.12861184917
588 5 8.12861184917
589 5 8.12861184917
590 5 8.12861184917
591 5 8.12861184917
592 5 8.12861184917
593 5 8.12861184917
594 5 8.12861184917
595 5 8.12861184917
596 5 8.12861184917
597 5 8.12861184917
598 5 8.12861184917
599 5 8.12861184917
600 5 8.12861184917
601 6 6.70253875699
602 6 6.70253875699
603 6 6.70253875699
604 6 6.70253875699
605 6 6.70253875699
606 6 6.70253875699
607 6 6.70253875699
608 6 6.70253875699
609 6 6.70253875699
610 6 6.70253875699
611 6 6.70253875699
612 6 6.70253875699
613 6 6.70253875699
614 6 6.70253875699
615 6 6.70253875699
616 6 6.70253875699
617 6 6.70253875699
618 6 6.70253875699
619 6 6.70253875699
620 6 6.70253875699
621 6 6.70253875699
622 6 6.70253875699
623 6 6.70253875699
624 6 6.70253875699
625 6 6.70253875699
626 6 6.70253875699
627 6 6.70253875699
628 6 6.70253875699
629 6 6.70253875699
630 6 6.70253875699
631 6 6.70253875699
632 6 6.70253875699
633 6 6.70253875699
634 6 6.70253875699
635 6 6.70253875699
636 6 6.70253875699
637 7 45.4169807762
638 8 43.578394442
639 9 42.2607438788
640 10 41.2465430165
641 11 40.2475990954
642 12 39.209821031
643 13 37.7148023524
644 14 37.0033108269
645 15 35.9734652518
646 16 35.003497142
647 17 33.5469180525
648 18 32.7287448495
649 19 31.8769527716
650 20 30.8963227127
651 21 29.3234080992
652 22 28.5981443628
653 23 27.9457265197
654 24 26.2463836614
655 25 25.3081315939
656 26 24.545667053
657 27 23.3537038279
658 28 21.98756229
659 29 21.1692057876
660 30 20.5886185665
661 31 19.0985693333
662 32 17.8085631711
663 33 17.4110653908
664 34 16.7216848682
665 35 14.7971803131
666 36 13.9988652159
667 37 14.1578979667
668 38 12.6161297631
669 39 10.7930587427
670 40 11.0128537725
671 41 11.4563631823
672 42 8.89405967518
673 43 8.07986422397
674 44 9.66293037267
675 45 8.13059401341
676 46 5.60590471719
677 47 7.96254472765
678 48 8.52815310158
679 49 5.44737718783
680 50 6.74999574578
681 51 8.73804234731
682 52 7.01369105089
683 53 4.84445987246
684 54 7.3420612686
685 55 8.29093710913
686 56 7.09268819556
687 57 7.55321016025
688 58 9.87290291458
689 59 10.1556450845
690 60 10.1875389274
691 61 11.6011495176
692 62 13.0178580007
693 63 13.6569561676
694 64 14.0527544601
695 65 15.7301865702
696 66 16.8096877801
697 67 17.6028749069
698 68 18.8043117264
699 69 20.233903886
700 70 21.0475084079
701 71 21.3011759384
702 72 22.8842456845
703 73 24.2395937266
704 74 25.0943328306
705 75 25.8661314883
706 76 27.4088611944
707 77 28.5064008898
708 78 29.0144996468
709 79 30.0121211685
710 80 31.5872690041
711 81 32.4752409872
712 82 32.9059005258
713 83 34.2148724436
714 84 35.8742491911
715 85 36.8255971032
716 86 38.1257024441
717 87 39.4348052792
718 88 40.0452062424
719 89 40.9067495907
720 90 42.3360565304
721 91 43.4604387533
722 92 44.1534235321
723 93 45.1636264536
724 94 46.6410901413
725 95 47.7645656292
726 96 48.1750457044
727 97 50.1101216895
728 98 5.62105967854
729 98 5.62105967854
730 98 5.62105967854
731 98 5.62105967854
732 98 5.62105967854
733 98 5.62105967854
734 98 5.62105967854
735 98 5.62105967854
736 98 5.62105967854
737 98 5.62105967854
738 99 3.95733464059
739 99 3.95733464059
740 99 3.95733464059
741 99 3.95733464059
742 100 2.07734122971
743 101 2.13012745681
744 102 1.88487631023
745 103 1.79412857111
746 104 1.95341702514
747 105 1.81392855564
748 106 1.68599239211
749 107 1.65997168393
750 108 1.73458348609
751 109 1.61139236425
752 110 1.55827787782
753 111 1.53572185019
754 112 1.54708768864
755 113 1.46241569596
756 114 1.38923854745
757 115 1.50579593166
758 116 1.41491245373
759 117 1.3594163882
760 118 1.36209368531
761 119 1.41502707052
762 120 1.38315546267
763 121 1.28924393293
764 122 1.38026604134
765 123 1.3733960599
766 124 1.40618358008
767 125 1.31497642838
768 126 1.39362957552
769 127 1.44412188612
770 128 1.4332532266
771 129 1.4284175306
772 130 1.46825604625
773 131 1.53939331964
774 132 1.51107978986
775 133 1.55501964508
776 134 1.57836050482
777 135 1.61718831298
778 136 1.64176148444
779 137 5.59161208353
780 137 5.59161208353
781 137 5.59161208353
782 137 5.59161208353
783 137 5.59161208353
784 137 5.59161208353
785 137 5.59161208353
786 137 5.59161208353
787 137 5.59161208353
788 138 3.86121915636
789 139 3.1281849958
790 140 3.39409592679
791 141 4.11997116838
792 142 3.49641648726
793 143 2.82688726471
794 144 3.63706965551
795 145 3.9668380618
796 146 3.08710140706
797 147 2.778246936
798 148 3.72800651648
799 149 3.50941436225
800 150 2.5054682673
801 151 3.12777642429
802 152 3.77271395192
803 153 2.95020011758
804 154 2.34914168154
805 155 3.38420298381
806 156 3.39113353812
807 157 2.24126259655
808 158 2.59779041726
809 159 3.55315666196
810 160 3.07838617228
811 161 2.0372728512
812 162 2.93945683338
813 163 3.38327451401
814 164 2.31648485137
815 165 2.19536431871
816 166 3.2636045203
817 167 2.86096215283
818 168 1.96292578868
819 169 2.88369268275
820 170 3.05859059008
821 171 1.99033842846
822 172 2.35662642454
823 173 2.80757126395
