1 0 15.1853735986
2 1 15.2889467155
3 2 15.0080159631
4 3 14.6460916928
5 4 15.0066751032
6 5 15.2692317777
7 6 15.2473486371
8 7 15.7116265901
9 8 16.8078471781
10 9 17.1308656723
11 10 18.3601862878
12 11 18.8907058737
13 12 19.5013978209
14 13 20.3935381536
15 14 20.3808327234
16 15 18.9968219732
17 16 18.3665511098
18 17 17.6913765485
19 18 18.2031779631
20 19 17.5743560878
21 20 18.0063100291
22 21 17.5752324478
23 22 17.1240748957
24 23 17.4169264684
25 24 17.509310609
26 25 18.0073955134
27 26 18.2124050253
28 27 18.4438389762
29 28 17.8256732802
30 29 18.0032985761
31 30 17.9428258575
32 31 17.3499257444
33 32 18.2464438626
34 33 17.6769357076
35 34 18.0187103348
36 35 17.4209998116
37 36 16.8701342022
38 37 16.1313866003
39 38 16.4781975135
40 39 16.6143327822
41 40 17.1664047993
42 41 17.2664259239
43 42 17.7437834064
44 43 18.3374216106
45 44 19.2453924616
46 45 19.6950168049
47 46 20.7004206246
48 47 20.7050016959
49 48 20.1080910449
50 49 19.5999442304
51 50 18.7952572963
52 51 18.6267600773
53 52 18.0493738427
54 53 18.178166214
55 54 17.968547018
56 55 18.6673345372
57 56 19.5808116961
58 57 19.5075002164
59 58 19.2471576734
60 59 19.335097606
61 60 19.5625920889
62 61 19.5850607734
63 62 19.823581632
64 63 19.2807603162
65 64 19.7662132295
66 65 19.5456711077
67 66 18.7055518761
68 67 18.7309453809
69 68 19.2686665674
70 69 18.788790798
71 70 18.1355681685
72 71 18.625904152
73 72 19.2153991636
74 73 19.1268338905
75 74 19.814367507
76 75 19.7393212434
77 76 19.5003313896
78 77 19.23344627
79 78 19.9165088497
80 79 20.0190909116
81 80 20.6821773134
82 81 20.7280708669
83 82 20.4825355499
84 83 20.8856888034
85 84 20.8996091102
86 85 20.4640088009
87 86 20.2519003595
88 87 19.3654976944
89 88 18.5876585786
90 89 17.6112664753
91 90 17.6744308974
92 91 18.1043136245
93 92 18.3945611693
94 93 19.2551903858
95 94 19.9121957004
96 95 20.9789857419
97 96 21.4106898446
98 97 20.752533107
99 98 19.8427323477
100 99 19.4478335026
101 100 19.1820482085
102 101 18.9406547223
103 102 19.1124227788
104 103 18.919190037
105 104 20.0332321738
106 105 20.2845894046
107 106 19.9561948035
108 107 20.4958178265
109 108 20.7777223199
110 109 21.0092196277
111 110 21.7027410965
112 111 21.4190675252
113 112 22.4403420598
114 113 22.8089453493
115 114 22.0546886961
116 115 22.900631033
117 116 22.6968354848
118 117 21.9558518388
119 118 22.1446061285
120 119 21.8073449599
121 120 21.329502284
122 121 21.2072809623
123 122 21.0413100487
124 123 20.2592174668
125 124 20.6976543958
126 125 19.7702070966
127 126 19.076422573
128 127 18.1281436789
129 128 17.0700509754
130 129 16.7706671618
131 130 17.3096338182
132 131 17.3137392682
133 132 18.1768705018
134 133 18.5822368461
135 134 19.7121827937
136 135 20.3184857998
137 136 19.57911752
138 137 18.7660039536
139 138 18.0513669306
140 139 17.8778712167
141 140 17.2873028132
142 141 17.9157833442
143 142 17.9499184104
144 143 18.2283033255
145 144 17.386021554
146 145 18.0564136364
147 146 17.7940270206
148 147 18.7090700448
149 148 19.2061429264
150 149 19.8718697928
151 150 20.6650017013
152 151 20.8136455527
153 152 21.9441694936
154 153 22.3819862107
155 154 21.6908741415
156 155 21.652578917
157 156 20.6945571689
158 157 20.3263037222
159 158 19.5857020811
160 159 18.7757053097
161 160 18.0775899164
162 161 17.8258773707
163 162 17.0760556672
164 163 16.4139338962
165 164 15.7886050744
166 165 15.4833961264
167 166 15.9403902279
168 167 16.1460317964
169 168 17.0756170534
170 169 17.7228660475
171 170 18.898017393
172 171 19.1063697398
173 172 18.0476087006
174 173 17.3390254882
175 174 16.3675335491
176 175 16.0422351928
177 176 15.3487187284
178 177 15.7825077268
179 178 15.8909834186
180 179 15.8048167559
181 180 15.0406513171
182 181 15.3723016795
183 182 15.5461184626
184 183 16.4488752723
185 184 17.0262090929
186 185 18.1372494076
187 186 19.1176492609
188 187 19.2140207206
189 188 20.3107378293
190 189 20.4646818327
191 190 20.0418251066
192 191 20.3428598688
193 192 19.6156003004
194 193 19.731213317
195 194 18.7797950613
196 195 18.5637541694
197 196 17.5814976933
198 197 16.7471237756
199 198 15.8944048564
200 199 15.3830790967
201 200 14.7546041168
202 201 14.7252133392
203 202 14.9715585153
204 203 14.69678241
205 204 14.4375294672
206 205 14.8310152185
207 206 14.8860728833
208 207 14.6438734805
209 208 15.0361312027
210 209 15.1514181976
211 210 15.3966276386
212 211 14.8680197653
213 212 14.5328712717
214 213 14.8338329956
215 214 14.6987206094
216 215 14.6158791223
217 216 14.5570340912
218 217 14.8110383379
219 218 15.170098983
220 219 15.9493061683
221 220 16.1701754494
222 221 17.1801813723
223 222 17.7094730882
224 223 17.1328131716
225 224 16.0882378455
226 225 15.2395350761
227 226 14.5513063487
228 227 14.1742129629
229 228 13.9497549415
230 229 14.0990281515
231 230 14.3328149297
232 231 14.9089662791
233 232 15.5690754416
234 233 16.0506520751
235 234 17.1086360112
236 235 17.9079181786
237 236 18.3619892281
238 237 17.4604417276
239 238 17.1219418553
240 239 15.9625239699
241 240 15.4618434676
242 241 14.7369709116
243 242 14.4471714775
244 243 14.1686600001
245 244 13.9284454606
246 245 13.8147607282
247 246 13.851457825
248 247 14.0904388441
249 248 14.6755984896
250 249 14.9770447395
251 250 15.9340585673
252 251 16.4463824782
253 252 17.3967405622
254 253 18.0988872294
255 254 17.4618837264
256 255 16.4110304626
257 256 15.6561940324
258 257 15.2396273655
259 258 14.5980456613
260 259 14.6449195882
261 260 14.3417669563
262 261 14.5346767462
263 262 14.5321408391
264 263 14.9598001953
265 264 14.5142903185
266 265 14.2696645428
267 266 14.1446523072
268 267 14.0979895955
269 268 14.330684618
270 269 14.668309741
271 270 15.1700171787
272 271 15.8830570001
273 272 16.2935450165
274 273 15.9207060151
275 274 15.8485403676
276 275 14.9785772134
277 276 14.9723356023
278 277 14.7138498033
279 278 15.2005093434
280 279 15.630877183
281 280 16.4246965966
282 281 17.1846866793
283 282 18.1521797689
284 283 19.0646612702
285 284 20.2177823116
286 285 19.7002460372
287 286 20.3656235534
288 287 21.1946454059
289 288 21.5413274941
290 289 20.4203861746
291 290 19.4444852612
292 291 18.3890910971
293 292 17.6120177061
294 293 16.4732414551
295 294 15.9981710761
296 295 15.1306083587
297 296 14.7880423069
298 297 14.5290623103
299 298 14.9295598262
300 299 14.5497494148
301 300 14.4007227375
302 301 14.7290196933
303 302 14.8215149774
304 303 15.174200198
305 304 15.3592051176
306 305 16.184946944
307 306 16.3060617345
308 307 17.5701633887
309 308 17.4554051116
310 309 17.4393041389
311 310 16.8947230072
312 311 16.3746968423
313 312 17.2607579151
314 313 17.3214941152
315 314 18.1881347452
316 315 19.1804195735
317 316 18.8473113356
318 317 17.8399117332
319 318 17.9950613443
320 319 17.893342695
321 320 16.7456028728
322 321 16.1386152518
323 322 15.540057295
324 323 15.4387560558
325 324 15.720823434
326 325 15.6009799436
327 326 16.0190732586
328 327 16.5110500903
329 328 16.6835626808
330 329 16.2246464435
331 330 15.7522394226
332 331 15.4235597469
333 332 15.1252501893
334 333 15.3865886645
335 334 15.1903438462
336 335 15.4867129833
337 336 16.0800443659
338 337 16.2582221864
339 338 16.2218411627
340 339 16.9718462989
341 340 17.6264901648
342 341 18.4525387731
343 342 19.4103046356
344 343 20.186343303
345 344 20.0014550201
346 345 20.6439358775
347 346 20.4894114311
348 347 21.6549051533
349 347 21.6549051533
350 347 21.6549051533
351 347 21.6549051533
352 347 21.6549051533
353 347 21.6549051533
354 347 21.6549051533
355 347 21.6549051533
356 347 21.6549051533
357 347 21.6549051533
358 348 19.3596366833
359 348 19.3596366833
360 348 19.3596366833
361 348 19.3596366833
362 349 19.6715543117
363 350 18.7538288225
364 351 17.995940073
365 352 17.0247551073
366 353 16.8979520124
367 354 16.2189828727
368 355 16.4094209284
369 356 16.1629569946
370 357 16.4347090396
371 358 16.8775927521
372 359 17.2633021051
373 360 16.9012362891
374 361 16.9025830797
375 362 16.6864708011
376 363 17.198981222
377 364 17.18879596
378 365 18.0681760072
379 366 18.0742939762
380 367 19.2805634926
381 368 20.2425407753
382 369 13.2739088484
383 369 13.2739088484
384 369 13.2739088484
385 369 13.2739088484
386 369 13.2739088484
387 369 13.2739088484
388 369 13.2739088484
389 369 13.2739088484
390 369 13.2739088484
391 369 13.2739088484
392 369 13.2739088484
393 369 13.2739088484
394 369 13.2739088484
395 369 13.2739088484
396 369 13.2739088484
397 369 13.2739088484
398 369 13.2739088484
399 369 13.2739088484
400 369 13.2739088484
401 369 13.2739088484
402 369 13.2739088484
403 369 13.2739088484
404 369 13.2739088484
405 369 13.2739088484
406 369 13.2739088484
407 369 13.2739088484
408 369 13.2739088484
409 369 13.2739088484
410 369 13.2739088484
411 369 13.2739088484
412 369 13.2739088484
413 369 13.2739088484
414 369 13.2739088484
415 369 13.2739088484
416 369 13.2739088484
417 369 13.2739088484
418 369 13.2739088484
419 369 13.2739088484
420 369 13.2739088484
421 369 13.2739088484
422 369 13.2739088484
423 369 13.2739088484
424 369 13.2739088484
425 369 13.2739088484
426 369 13.2739088484
427 369 13.2739088484
428 369 13.2739088484
429 369 13.2739088484
430 369 13.2739088484
431 369 13.2739088484
432 369 13.2739088484
433 369 13.2739088484
434 369 13.2739088484
435 369 13.2739088484
436 369 13.2739088484
437 369 13.2739088484
438 369 13.2739088484
439 369 13.2739088484
440 369 13.2739088484
441 369 13.2739088484
442 369 13.2739088484
443 369 13.2739088484
444 369 13.2739088484
445 369 13.2739088484
446 369 13.2739088484
447 369 13.2739088484
448 369 13.2739088484
449 369 13.2739088484
450 369 13.2739088484
451 369 13.2739088484
452 369 13.2739088484
453 369 13.2739088484
454 369 13.2739088484
455 369 13.2739088484
456 369 13.2739088484
457 369 13.2739088484
458 369 13.2739088484
459 369 13.2739088484
460 369 13.2739088484
461 369 13.2739088484
462 369 13.2739088484
463 369 13.2739088484
464 369 13.2739088484
465 369 13.2739088484
466 369 13.2739088484
467 369 13.2739088484
468 369 13.2739088484
469 369 13.2739088484
470 369 13.2739088484
471 369 13.2739088484
472 369 13.2739088484
473 369 13.2739088484
474 369 13.2739088484
475 369 13.2739088484
476 369 13.2739088484
477 369 13.2739088484
478 369 13.2739088484
479 369 13.2739088484
480 369 13.2739088484
481 369 13.2739088484
482 370 17.0031427101
483 370 17.0031427101
484 370 17.0031427101
485 370 17.0031427101
486 370 17.0031427101
487 370 17.0031427101
488 370 17.0031427101
489 370 17.0031427101
490 370 17.0031427101
491 370 17.0031427101
492 370 17.0031427101
493 370 17.0031427101
494 370 17.0031427101
495 370 17.0031427101
496 370 17.0031427101
497 370 17.0031427101
498 370 17.0031427101
499 370 17.0031427101
500 370 17.0031427101
501 370 17.0031427101
502 370 17.0031427101
503 370 17.0031427101
504 370 17.0031427101
505 370 17.0031427101
506 370 17.0031427101
507 370 17.0031427101
508 370 17.0031427101
509 370 17.0031427101
510 370 17.0031427101
511 370 17.0031427101
512 370 17.0031427101
513 370 17.0031427101
514 370 17.0031427101
515 370 17.0031427101
516 370 17.0031427101
517 370 17.0031427101
518 370 17.0031427101
519 370 17.0031427101
520 370 17.0031427101
521 370 17.0031427101
522 370 17.0031427101
523 370 17.0031427101
524 370 17.0031427101
525 370 17.0031427101
526 370 17.0031427101
527 370 17.0031427101
528 370 17.0031427101
529 370 17.0031427101
530 370 17.0031427101
531 370 17.0031427101
532 370 17.0031427101
533 370 17.0031427101
534 370 17.0031427101
535 370 17.0031427101
536 370 17.0031427101
537 370 17.0031427101
538 370 17.0031427101
539 370 17.0031427101
540 370 17.0031427101
541 370 17.0031427101
542 370 17.0031427101
543 370 17.0031427101
544 370 17.0031427101
545 370 17.0031427101
546 370 17.0031427101
547 370 17.0031427101
548 370 17.0031427101
549 370 17.0031427101
550 370 17.0031427101
551 370 17.0031427101
552 370 17.0031427101
553 370 17.0031427101
554 370 17.0031427101
555 370 17.0031427101
556 370 17.0031427101
557 370 17.0031427101
558 370 17.0031427101
559 370 17.0031427101
560 370 17.0031427101
561 370 17.0031427101
562 370 17.0031427101
563 370 17.0031427101
564 370 17.0031427101
565 370 17.0031427101
566 370 17.0031427101
567 370 17.0031427101
568 370 17.0031427101
569 370 17.0031427101
570 370 17.0031427101
571 370 17.0031427101
572 370 17.0031427101
573 370 17.0031427101
574 370 17.0031427101
575 370 17.0031427101
576 370 17.0031427101
577 370 17.0031427101
578 370 17.0031427101
579 370 17.0031427101
580 370 17.0031427101
581 370 17.0031427101
582 371 13.9519753396
583 371 13.9519753396
584 371 13.9519753396
585 371 13.9519753396
586 371 13.9519753396
587 371 13.9519753396
588 371 13.9519753396
589 371 13.9519753396
590 371 13.9519753396
591 371 13.9519753396
592 371 13.9519753396
593 371 13.9519753396
594 371 13.9519753396
595 371 13.9519753396
596 371 13.9519753396
597 371 13.9519753396
598 371 13.9519753396
599 371 13.9519753396
600 371 13.9519753396
601 371 13.9519753396
602 371 13.9519753396
603 371 13.9519753396
604 371 13.9519753396
605 371 13.9519753396
606 371 13.9519753396
607 371 13.9519753396
608 371 13.9519753396
609 371 13.9519753396
610 371 13.9519753396
611 371 13.9519753396
612 371 13.9519753396
613 371 13.9519753396
614 371 13.9519753396
615 371 13.9519753396
616 371 13.9519753396
617 371 13.9519753396
618 371 13.9519753396
619 371 13.9519753396
620 371 13.9519753396
621 371 13.9519753396
622 371 13.9519753396
623 371 13.9519753396
624 371 13.9519753396
625 371 13.9519753396
626 371 13.9519753396
627 371 13.9519753396
628 371 13.9519753396
629 371 13.9519753396
630 371 13.9519753396
631 371 13.9519753396
632 371 13.9519753396
633 371 13.9519753396
634 371 13.9519753396
635 371 13.9519753396
636 371 13.9519753396
637 371 13.9519753396
638 371 13.9519753396
639 371 13.9519753396
640 371 13.9519753396
641 371 13.9519753396
642 371 13.9519753396
643 371 13.9519753396
644 371 13.9519753396
645 371 13.9519753396
646 371 13.9519753396
647 371 13.9519753396
648 371 13.9519753396
649 371 13.9519753396
650 371 13.9519753396
651 371 13.9519753396
652 371 13.9519753396
653 371 13.9519753396
654 371 13.9519753396
655 371 13.9519753396
656 371 13.9519753396
657 371 13.9519753396
658 371 13.9519753396
659 371 13.9519753396
660 371 13.9519753396
661 371 13.9519753396
662 371 13.9519753396
663 371 13.9519753396
664 371 13.9519753396
665 371 13.9519753396
666 371 13.9519753396
667 371 13.9519753396
668 371 13.9519753396
669 371 13.9519753396
670 371 13.9519753396
671 371 13.9519753396
672 371 13.9519753396
673 371 13.9519753396
674 371 13.9519753396
675 371 13.9519753396
676 371 13.9519753396
677 371 13.9519753396
678 371 13.9519753396
679 371 13.9519753396
680 371 13.9519753396
681 371 13.9519753396
682 372 10.6203707524
683 372 10.6203707524
684 372 10.6203707524
685 372 10.6203707524
686 372 10.6203707524
687 372 10.6203707524
688 372 10.6203707524
689 372 10.6203707524
690 372 10.6203707524
691 372 10.6203707524
692 372 10.6203707524
693 372 10.6203707524
694 372 10.6203707524
695 372 10.6203707524
696 372 10.6203707524
697 372 10.6203707524
698 372 10.6203707524
699 372 10.6203707524
700 372 10.6203707524
701 372 10.6203707524
702 372 10.6203707524
703 372 10.6203707524
704 372 10.6203707524
705 372 10.6203707524
706 372 10.6203707524
707 372 10.6203707524
708 372 10.6203707524
709 372 10.6203707524
710 372 10.6203707524
711 372 10.6203707524
712 372 10.6203707524
713 372 10.6203707524
714 372 10.6203707524
715 372 10.6203707524
716 372 10.6203707524
717 372 10.6203707524
718 372 10.6203707524
719 372 10.6203707524
720 372 10.6203707524
721 372 10.6203707524
722 372 10.6203707524
723 372 10.6203707524
724 372 10.6203707524
725 372 10.6203707524
726 372 10.6203707524
727 372 10.6203707524
728 372 10.6203707524
729 372 10.6203707524
730 372 10.6203707524
731 372 10.6203707524
732 372 10.6203707524
733 372 10.6203707524
734 372 10.6203707524
735 372 10.6203707524
736 372 10.6203707524
737 372 10.6203707524
738 372 10.6203707524
739 372 10.6203707524
740 372 10.6203707524
741 372 10.6203707524
742 372 10.6203707524
743 372 10.6203707524
744 372 10.6203707524
745 372 10.6203707524
746 372 10.6203707524
747 372 10.6203707524
748 372 10.6203707524
749 372 10.6203707524
750 372 10.6203707524
751 372 10.6203707524
752 372 10.6203707524
753 372 10.6203707524
754 372 10.6203707524
755 372 10.6203707524
756 372 10.6203707524
757 372 10.6203707524
758 372 10.6203707524
759 372 10.6203707524
760 372 10.6203707524
761 372 10.6203707524
762 372 10.6203707524
763 372 10.6203707524
764 372 10.6203707524
765 372 10.6203707524
766 372 10.6203707524
767 372 10.6203707524
768 372 10.6203707524
769 372 10.6203707524
770 372 10.6203707524
771 372 10.6203707524
772 372 10.6203707524
773 372 10.6203707524
774 372 10.6203707524
775 372 10.6203707524
776 372 10.6203707524
777 372 10.6203707524
778 372 10.6203707524
779 372 10.6203707524
780 372 10.6203707524
781 372 10.6203707524
782 373 12.7494595767
783 373 12.7494595767
784 373 12.7494595767
785 373 12.7494595767
786 373 12.7494595767
787 373 12.7494595767
788 373 12.7494595767
789 373 12.7494595767
790 373 12.7494595767
791 373 12.7494595767
792 373 12.7494595767
793 373 12.7494595767
794 373 12.7494595767
795 373 12.7494595767
796 373 12.7494595767
797 373 12.7494595767
798 373 12.7494595767
799 373 12.7494595767
800 373 12.7494595767
801 373 12.7494595767
802 373 12.7494595767
803 373 12.7494595767
804 373 12.7494595767
805 373 12.7494595767
806 373 12.7494595767
807 373 12.7494595767
808 373 12.7494595767
809 373 12.7494595767
810 373 12.7494595767
811 373 12.7494595767
812 373 12.7494595767
813 373 12.7494595767
814 373 12.7494595767
815 373 12.7494595767
816 373 12.7494595767
817 373 12.7494595767
818 373 12.7494595767
819 373 12.7494595767
820 373 12.7494595767
821 373 12.7494595767
822 373 12.7494595767
823 373 12.7494595767
824 373 12.7494595767
825 373 12.7494595767
826 373 12.7494595767
827 373 12.7494595767
828 373 12.7494595767
829 373 12.7494595767
830 373 12.7494595767
831 373 12.7494595767
832 373 12.7494595767
833 373 12.7494595767
834 373 12.7494595767
835 373 12.7494595767
836 373 12.7494595767
837 373 12.7494595767
838 373 12.7494595767
839 373 12.7494595767
840 373 12.7494595767
841 373 12.7494595767
842 373 12.7494595767
843 373 12.7494595767
844 373 12.7494595767
845 373 12.7494595767
846 373 12.7494595767
847 373 12.7494595767
848 373 12.7494595767
849 373 12.7494595767
850 373 12.7494595767
851 373 12.7494595767
852 373 12.7494595767
853 373 12.7494595767
854 373 12.7494595767
855 373 12.7494595767
856 373 12.7494595767
857 373 12.7494595767
858 373 12.7494595767
859 373 12.7494595767
860 373 12.7494595767
861 373 12.7494595767
862 373 12.7494595767
863 373 12.7494595767
864 373 12.7494595767
865 373 12.7494595767
866 373 12.7494595767
867 373 12.7494595767
868 373 12.7494595767
869 373 12.7494595767
870 373 12.7494595767
871 373 12.7494595767
872 373 12.7494595767
873 373 12.7494595767
874 373 12.7494595767
875 373 12.7494595767
876 373 12.7494595767
877 373 12.7494595767
878 373 12.7494595767
879 373 12.7494595767
880 373 12.7494595767
881 373 12.7494595767
882 374 11.4464361315
883 374 11.4464361315
884 374 11.4464361315
885 374 11.4464361315
886 374 11.4464361315
887 374 11.4464361315
888 374 11.4464361315
889 374 11.4464361315
890 374 11.4464361315
891 374 11.4464361315
892 374 11.4464361315
893 374 11.4464361315
894 374 11.4464361315
895 374 11.4464361315
896 374 11.4464361315
897 374 11.4464361315
898 374 11.4464361315
899 374 11.4464361315
900 374 11.4464361315
901 374 11.4464361315
902 374 11.4464361315
903 374 11.4464361315
904 374 11.4464361315
905 374 11.4464361315
906 374 11.4464361315
907 374 11.4464361315
908 374 11.4464361315
909 374 11.4464361315
910 374 11.4464361315
911 374 11.4464361315
912 374 11.4464361315
913 374 11.4464361315
914 374 11.4464361315
915 374 11.4464361315
916 374 11.4464361315
917 374 11.4464361315
918 374 11.4464361315
919 374 11.4464361315
920 374 11.4464361315
921 374 11.4464361315
922 374 11.4464361315
923 374 11.4464361315
924 374 11.4464361315
925 374 11.4464361315
926 374 11.4464361315
927 374 11.4464361315
928 374 11.4464361315
929 374 11.4464361315
930 374 11.4464361315
931 374 11.4464361315
932 374 11.4464361315
933 374 11.4464361315
934 374 11.4464361315
935 374 11.4464361315
936 374 11.4464361315
937 374 11.4464361315
938 374 11.4464361315
939 374 11.4464361315
940 374 11.4464361315
941 374 11.4464361315
942 374 11.4464361315
943 374 11.4464361315
944 374 11.4464361315
945 374 11.4464361315
946 374 11.4464361315
947 374 11.4464361315
948 374 11.4464361315
949 374 11.4464361315
950 374 11.4464361315
951 374 11.4464361315
952 374 11.4464361315
953 374 11.4464361315
954 374 11.4464361315
955 374 11.4464361315
956 374 11.4464361315
957 374 11.4464361315
958 374 11.4464361315
959 374 11.4464361315
960 374 11.4464361315
961 374 11.4464361315
962 374 11.4464361315
963 374 11.4464361315
964 374 11.4464361315
965 374 11.4464361315
966 374 11.4464361315
967 374 11.4464361315
968 374 11.4464361315
969 374 11.4464361315
970 374 11.4464361315
971 374 11.4464361315
972 374 11.4464361315
973 374 11.4464361315
974 374 11.4464361315
975 374 11.4464361315
976 374 11.4464361315
977 374 11.4464361315
978 374 11.4464361315
979 374 11.4464361315
980 374 11.4464361315
981 374 11.4464361315
982 375 13.7514778696
983 375 13.7514778696
984 375 13.7514778696
985 375 13.7514778696
986 375 13.7514778696
987 375 13.7514778696
988 375 13.7514778696
989 375 13.7514778696
990 375 13.7514778696
991 375 13.7514778696
992 375 13.7514778696
993 375 13.7514778696
994 375 13.7514778696
995 375 13.7514778696
996 375 13.7514778696
997 375 13.7514778696
998 375 13.7514778696
999 375 13.7514778696
1000 375 13.7514778696
1001 375 13.7514778696
1002 375 13.7514778696
1003 375 13.7514778696
1004 375 13.7514778696
1005 375 13.7514778696
1006 375 13.7514778696
1007 375 13.7514778696
1008 375 13.7514778696
1009 375 13.7514778696
1010 375 13.7514778696
1011 375 13.7514778696
1012 375 13.7514778696
1013 375 13.7514778696
1014 375 13.7514778696
1015 375 13.7514778696
1016 375 13.7514778696
1017 375 13.7514778696
1018 375 13.7514778696
1019 375 13.7514778696
1020 375 13.7514778696
1021 375 13.7514778696
1022 375 13.7514778696
1023 375 13.7514778696
1024 375 13.7514778696
1025 375 13.7514778696
1026 375 13.7514778696
1027 375 13.7514778696
1028 375 13.7514778696
1029 375 13.7514778696
1030 375 13.7514778696
1031 375 13.7514778696
1032 375 13.7514778696
1033 375 13.7514778696
1034 375 13.7514778696
1035 375 13.7514778696
1036 375 13.7514778696
1037 375 13.7514778696
1038 375 13.7514778696
1039 375 13.7514778696
1040 375 13.7514778696
1041 375 13.7514778696
1042 375 13.7514778696
1043 375 13.7514778696
1044 375 13.7514778696
1045 375 13.7514778696
1046 375 13.7514778696
1047 375 13.7514778696
1048 375 13.7514778696
1049 375 13.7514778696
1050 375 13.7514778696
1051 375 13.7514778696
1052 375 13.7514778696
1053 375 13.7514778696
1054 375 13.7514778696
1055 375 13.7514778696
1056 375 13.7514778696
1057 375 13.7514778696
1058 375 13.7514778696
1059 375 13.7514778696
1060 375 13.7514778696
1061 375 13.7514778696
1062 375 13.7514778696
1063 375 13.7514778696
1064 375 13.7514778696
1065 375 13.7514778696
1066 375 13.7514778696
1067 375 13.7514778696
1068 375 13.7514778696
1069 375 13.7514778696
1070 375 13.7514778696
1071 375 13.7514778696
1072 375 13.7514778696
1073 375 13.7514778696
1074 375 13.7514778696
1075 375 13.7514778696
1076 375 13.7514778696
1077 375 13.7514778696
1078 375 13.7514778696
1079 375 13.7514778696
1080 375 13.7514778696
1081 375 13.7514778696
1082 376 13.6656191834
1083 376 13.6656191834
1084 376 13.6656191834
1085 376 13.6656191834
1086 376 13.6656191834
1087 376 13.6656191834
1088 376 13.6656191834
1089 376 13.6656191834
1090 376 13.6656191834
1091 376 13.6656191834
1092 376 13.6656191834
1093 376 13.6656191834
1094 376 13.6656191834
1095 376 13.6656191834
1096 376 13.6656191834
1097 376 13.6656191834
1098 376 13.6656191834
1099 376 13.6656191834
1100 376 13.6656191834
1101 376 13.6656191834
1102 376 13.6656191834
1103 376 13.6656191834
1104 376 13.6656191834
1105 376 13.6656191834
1106 376 13.6656191834
1107 376 13.6656191834
1108 376 13.6656191834
1109 376 13.6656191834
1110 376 13.6656191834
1111 376 13.6656191834
1112 376 13.6656191834
1113 376 13.6656191834
1114 376 13.6656191834
1115 376 13.6656191834
1116 376 13.6656191834
1117 377 4.06067401329
1118 378 3.71804093206
1119 379 4.00115709354
1120 380 4.09835665026
1121 381 5.6316074709
1122 382 7.22204527039
1123 383 9.32748375117
1124 384 10.1960940549
1125 385 13.1829421233
1126 386 13.016466238
1127 387 5.49662398203
1128 387 5.49662398203
1129 387 5.49662398203
1130 387 5.49662398203
1131 387 5.49662398203
1132 387 5.49662398203
1133 387 5.49662398203
1134 387 5.49662398203
1135 387 5.49662398203
1136 387 5.49662398203
1137 388 5.55263581705
1138 388 5.55263581705
1139 388 5.55263581705
1140 388 5.55263581705
1141 388 5.55263581705
1142 388 5.55263581705
1143 388 5.55263581705
1144 388 5.55263581705
1145 388 5.55263581705
1146 388 5.55263581705
1147 389 8.79601727317
1148 389 8.79601727317
1149 389 8.79601727317
1150 389 8.79601727317
1151 389 8.79601727317
1152 389 8.79601727317
1153 389 8.79601727317
1154 389 8.79601727317
1155 389 8.79601727317
1156 389 8.79601727317
1157 390 6.1289039273
1158 390 6.1289039273
1159 390 6.1289039273
1160 390 6.1289039273
1161 390 6.1289039273
1162 390 6.1289039273
1163 390 6.1289039273
1164 390 6.1289039273
1165 390 6.1289039273
1166 390 6.1289039273
1167 391 5.6773744546
1168 391 5.6773744546
1169 391 5.6773744546
1170 391 5.6773744546
1171 391 5.6773744546
1172 391 5.6773744546
1173 391 5.6773744546
1174 391 5.6773744546
1175 391 5.6773744546
1176 391 5.6773744546
1177 392 6.8013244371
1178 392 6.8013244371
1179 392 6.8013244371
1180 392 6.8013244371
1181 392 6.8013244371
1182 392 6.8013244371
1183 392 6.8013244371
1184 392 6.8013244371
1185 392 6.8013244371
1186 392 6.8013244371
1187 393 8.53713408547
1188 393 8.53713408547
1189 393 8.53713408547
1190 393 8.53713408547
1191 393 8.53713408547
1192 393 8.53713408547
1193 393 8.53713408547
1194 393 8.53713408547
1195 393 8.53713408547
1196 393 8.53713408547
1197 394 7.02642662833
1198 394 7.02642662833
1199 394 7.02642662833
1200 394 7.02642662833
1201 394 7.02642662833
1202 394 7.02642662833
1203 394 7.02642662833
1204 394 7.02642662833
1205 394 7.02642662833
1206 394 7.02642662833
1207 395 6.48624459534
1208 395 6.48624459534
1209 395 6.48624459534
1210 395 6.48624459534
1211 396 6.66113158909
1212 397 8.24866832452
1213 398 7.253174615
1214 399 5.50829066052
1215 400 6.93384600455
1216 401 7.84172397177
1217 402 6.05098128479
1218 403 5.34817666671
1219 404 7.24208281022
1220 405 7.00658957964
1221 406 4.93232199428
1222 407 5.52567431135
1223 408 7.04792766028
1224 409 5.78248292422
1225 410 4.46165386111
1226 411 6.2731723819
1227 412 6.63490574292
1228 413 4.71013257591
1229 414 5.24157431745
1230 415 6.84383747224
1231 416 5.46414365103
1232 417 4.53642148861
1233 418 6.54827063365
1234 419 6.61226256039
1235 420 4.88295215382
1236 421 6.12633177265
1237 422 7.73733842353
1238 423 6.61296177884
1239 424 5.83047912267
1240 425 7.29378837245
1241 425 7.29378837245
1242 425 7.29378837245
1243 425 7.29378837245
1244 425 7.29378837245
1245 425 7.29378837245
1246 425 7.29378837245
1247 425 7.29378837245
1248 425 7.29378837245
1249 425 7.29378837245
1250 426 8.02869280415
1251 426 8.02869280415
1252 426 8.02869280415
1253 426 8.02869280415
1254 426 8.02869280415
1255 426 8.02869280415
1256 426 8.02869280415
1257 426 8.02869280415
1258 426 8.02869280415
1259 426 8.02869280415
1260 427 5.73529638998
1261 427 5.73529638998
1262 427 5.73529638998
1263 427 5.73529638998
1264 427 5.73529638998
1265 427 5.73529638998
1266 428 5.88635428363
1267 429 4.25643606522
1268 430 5.90145076337
1269 431 6.16670241994
1270 432 4.14312655519
1271 433 4.73730038696
1272 434 6.40031434519
1273 435 5.20275377779
1274 436 3.62513196807
1275 437 5.51978317309
1276 438 5.94845307912
1277 439 4.08830761077
1278 440 4.08560821293
1279 441 5.82259321226
1280 442 5.00510446784
1281 443 3.37746192547
1282 444 5.10589256112
1283 445 5.56238397576
1284 446 3.65810867405
1285 447 3.88155325996
1286 448 5.711235298
1287 449 4.69530613083
1288 450 3.05987282597
1289 451 4.71235452695
1290 452 5.45168017328
1291 453 3.55620276316
1292 454 3.90206770859
1293 455 5.42213762177
1294 456 4.17848343566
1295 457 2.86124036943
1296 458 4.71706341992
1297 459 4.99834566452
1298 460 3.05522078923
1299 461 3.6582671973
1300 462 5.21568230557
1301 463 4.05337152971
1302 464 2.66903450852
1303 465 4.45667337591
1304 466 5.05522301304
1305 467 3.15780588504
1306 468 3.54756976873
1307 469 5.19204409973
1308 470 4.34530855093
1309 471 2.81654529338
1310 472 4.59607786402
1311 473 5.42443059673
1312 474 3.65615961981
1313 475 4.15686921994
1314 476 6.20778783722
1315 477 5.41646006331
1316 478 4.39020409504
1317 479 6.43758749925
1318 480 7.34250470758
1319 481 5.83722667498
1320 482 6.448002611
1321 483 8.59108352229
1322 484 9.3878109924
1323 484 9.3878109924
1324 484 9.3878109924
1325 484 9.3878109924
1326 484 9.3878109924
1327 484 9.3878109924
1328 484 9.3878109924
1329 484 9.3878109924
1330 484 9.3878109924
1331 484 9.3878109924
1332 485 4.82735390021
1333 486 6.73146994954
1334 487 6.20890159951
1335 488 3.93560491247
1336 489 5.46376853295
1337 490 6.26162486786
1338 491 4.14322638348
1339 492 3.29614641877
1340 493 5.45879573112
1341 494 4.8599599372
1342 495 2.63667732011
1343 496 4.41429316703
1344 497 5.41257493666
1345 498 3.37712287386
1346 499 3.06338204439
1347 500 4.85424739159
1348 501 3.99619700825
1349 502 2.03079348206
1350 503 4.13627957583
1351 504 4.57128426213
1352 505 2.2639501791
1353 506 3.02419777267
1354 507 4.8814861777
1355 508 3.76697949845
1356 509 1.99382448165
1357 510 4.2554593201
1358 511 4.73493689229
1359 512 2.49426263444
1360 513 3.03488637971
1361 514 5.12611265478
1362 515 4.09197654393
1363 516 2.04148584193
1364 517 3.99452421845
1365 518 4.66132903975
1366 519 2.56792877415
1367 520 2.45369855697
1368 521 4.41758261789
1369 522 3.79059383114
1370 523 1.7481694291
1371 524 3.10104739725
1372 525 4.1267381466
1373 526 8.01221318808
1374 526 8.01221318808
1375 526 8.01221318808
1376 526 8.01221318808
1377 526 8.01221318808
1378 526 8.01221318808
1379 526 8.01221318808
1380 526 8.01221318808
1381 526 8.01221318808
1382 527 5.25394702588
1383 528 6.28789715201
1384 529 4.56601954433
1385 530 3.83916666188
1386 531 5.71129039303
1387 532 5.44631048968
1388 533 3.46375724536
1389 534 4.49931338953
1390 535 5.57551749415
1391 536 4.08499740801
1392 537 2.96373516101
1393 538 4.84446096128
1394 539 4.79869967406
1395 540 2.87199378078
1396 541 3.56347229223
1397 542 4.75998728499
1398 543 3.34552581797
1399 544 2.60179612075
1400 545 4.39889843978
1401 546 4.31496734795
1402 547 2.87740876473
1403 548 3.85480160286
1404 549 5.21652731088
1405 550 4.09771735464
1406 551 3.63065704574
1407 552 5.47421670722
1408 553 5.53599937916
1409 554 4.39109582856
1410 555 5.50873104036
1411 556 6.91189007174
1412 557 6.06412422731
1413 558 4.22627999001
1414 558 4.22627999001
1415 558 4.22627999001
1416 558 4.22627999001
1417 558 4.22627999001
1418 558 4.22627999001
1419 558 4.22627999001
1420 558 4.22627999001
1421 558 4.22627999001
1422 558 4.22627999001
1423 559 5.47462777348
1424 559 5.47462777348
1425 559 5.47462777348
1426 559 5.47462777348
1427 559 5.47462777348
1428 559 5.47462777348
1429 560 24.388609374
1430 561 24.1940872966
1431 562 22.85156903
1432 563 21.1638985631
1433 564 20.786277949
1434 565 20.8197521487
1435 566 18.4202767752
1436 567 17.6212036011
1437 568 19.355296534
1438 569 18.0932538848
1439 570 15.7184978987
1440 571 17.1192661997
1441 572 17.7812692434
1442 573 15.1274323497
1443 574 14.1861109233
1444 575 16.1001159307
1445 576 15.7266986436
1446 577 13.4557374763
1447 578 14.6622798526
1448 579 16.5561154317
1449 580 15.3539381025
1450 581 14.89687941
1451 582 17.6984238814
1452 583 18.2445704214
1453 584 17.5775930703
1454 585 18.7783970148
1455 586 21.3499377663
1456 587 21.6010538574
1457 588 14.9718995292
1458 588 14.9718995292
1459 588 14.9718995292
1460 588 14.9718995292
