1 0 28.1937969014
2 0 28.1937969014
3 0 28.1937969014
4 0 28.1937969014
5 0 28.1937969014
6 0 28.1937969014
7 0 28.1937969014
8 0 28.1937969014
9 0 28.1937969014
10 0 28.1937969014
11 0 28.1937969014
12 0 28.1937969014
13 0 28.1937969014
14 0 28.1937969014
15 0 28.1937969014
16 0 28.1937969014
17 0 28.1937969014
18 0 28.1937969014
19 0 28.1937969014
20 0 28.1937969014
21 0 28.1937969014
22 0 28.1937969014
23 0 28.1937969014
24 0 28.1937969014
25 0 28.1937969014
26 0 28.1937969014
27 0 28.1937969014
28 0 28.1937969014
29 0 28.1937969014
30 0 28.1937969014
31 0 28.1937969014
32 0 28.1937969014
33 0 28.1937969014
34 0 28.1937969014
35 0 28.1937969014
36 0 28.1937969014
37 0 28.1937969014
38 0 28.1937969014
39 0 28.1937969014
40 0 28.1937969014
41 0 28.1937969014
42 0 28.1937969014
43 0 28.1937969014
44 0 28.1937969014
45 0 28.1937969014
46 0 28.1937969014
47 0 28.1937969014
48 0 28.1937969014
49 0 28.1937969014
50 0 28.1937969014
51 0 28.1937969014
52 0 28.1937969014
53 0 28.1937969014
54 0 28.1937969014
55 0 28.1937969014
56 0 28.1937969014
57 0 28.1937969014
58 0 28.1937969014
59 0 28.1937969014
60 0 28.1937969014
61 0 28.1937969014
62 0 28.1937969014
63 0 28.1937969014
64 0 28.1937969014
65 0 28.1937969014
66 0 28.1937969014
67 0 28.1937969014
68 0 28.1937969014
69 0 28.1937969014
70 0 28.1937969014
71 0 28.1937969014
72 0 28.1937969014
73 0 28.1937969014
74 0 28.1937969014
75 0 28.1937969014
76 0 28.1937969014
77 0 28.1937969014
78 0 28.1937969014
79 0 28.1937969014
80 0 28.1937969014
81 0 28.1937969014
82 0 28.1937969014
83 0 28.1937969014
84 0 28.1937969014
85 0 28.1937969014
86 0 28.1937969014
87 0 28.1937969014
88 0 28.1937969014
89 0 28.1937969014
90 0 28.1937969014
91 0 28.1937969014
92 0 28.1937969014
93 0 28.1937969014
94 0 28.1937969014
95 0 28.1937969014
96 0 28.1937969014
97 0 28.1937969014
98 0 28.1937969014
99 0 28.1937969014
100 0 28.1937969014
101 1 22.3002414673
102 1 22.3002414673
103 1 22.3002414673
104 1 22.3002414673
105 1 22.3002414673
106 1 22.3002414673
107 1 22.3002414673
108 1 22.3002414673
109 1 22.3002414673
110 1 22.3002414673
111 1 22.3002414673
112 1 22.3002414673
113 1 22.3002414673
114 1 22.3002414673
115 1 22.3002414673
116 1 22.3002414673
117 1 22.3002414673
118 1 22.3002414673
119 1 22.3002414673
120 1 22.3002414673
121 1 22.3002414673
122 1 22.3002414673
123 1 22.3002414673
124 1 22.3002414673
125 1 22.3002414673
126 1 22.3002414673
127 1 22.3002414673
128 1 22.3002414673
129 1 22.3002414673
130 1 22.3002414673
131 1 22.3002414673
132 1 22.3002414673
133 1 22.3002414673
134 1 22.3002414673
135 1 22.3002414673
136 1 22.3002414673
137 1 22.3002414673
138 1 22.3002414673
139 1 22.3002414673
140 1 22.3002414673
141 1 22.3002414673
142 1 22.3002414673
143 1 22.3002414673
144 1 22.3002414673
145 1 22.3002414673
146 1 22.3002414673
147 1 22.3002414673
148 1 22.3002414673
149 1 22.3002414673
150 1 22.3002414673
151 1 22.3002414673
152 1 22.3002414673
153 1 22.3002414673
154 1 22.3002414673
155 1 22.3002414673
156 1 22.3002414673
157 1 22.3002414673
158 1 22.3002414673
159 1 22.3002414673
160 1 22.3002414673
161 1 22.3002414673
162 1 22.3002414673
163 1 22.3002414673
164 1 22.3002414673
165 1 22.3002414673
166 1 22.3002414673
167 1 22.3002414673
168 1 22.3002414673
169 1 22.3002414673
170 1 22.3002414673
171 1 22.3002414673
172 1 22.3002414673
173 1 22.3002414673
174 1 22.3002414673
175 1 22.3002414673
176 1 22.3002414673
177 1 22.3002414673
178 1 22.3002414673
179 1 22.3002414673
180 1 22.3002414673
181 1 22.3002414673
182 1 22.3002414673
183 1 22.3002414673
184 1 22.3002414673
185 1 22.3002414673
186 1 22.3002414673
187 1 22.3002414673
188 1 22.3002414673
189 1 22.3002414673
190 1 22.3002414673
191 1 22.3002414673
192 1 22.3002414673
193 1 22.3002414673
194 1 22.3002414673
195 1 22.3002414673
196 1 22.3002414673
197 1 22.3002414673
198 1 22.3002414673
199 1 22.3002414673
200 1 22.3002414673
201 2 28.5213908141
202 2 28.5213908141
203 2 28.5213908141
204 2 28.5213908141
205 2 28.5213908141
206 2 28.5213908141
207 2 28.5213908141
208 2 28.5213908141
209 2 28.5213908141
210 2 28.5213908141
211 2 28.5213908141
212 2 28.5213908141
213 2 28.5213908141
214 2 28.5213908141
215 2 28.5213908141
216 2 28.5213908141
217 2 28.5213908141
218 2 28.5213908141
219 2 28.5213908141
220 2 28.5213908141
221 2 28.5213908141
222 2 28.5213908141
223 2 28.5213908141
224 2 28.5213908141
225 2 28.5213908141
226 2 28.5213908141
227 2 28.5213908141
228 2 28.5213908141
229 2 28.5213908141
230 2 28.5213908141
231 2 28.5213908141
232 2 28.5213908141
233 2 28.5213908141
234 2 28.5213908141
235 2 28.5213908141
236 2 28.5213908141
237 2 28.5213908141
238 2 28.5213908141
239 2 28.5213908141
240 2 28.5213908141
241 2 28.5213908141
242 2 28.5213908141
243 2 28.5213908141
244 2 28.5213908141
245 2 28.5213908141
246 2 28.5213908141
247 2 28.5213908141
248 2 28.5213908141
249 2 28.5213908141
250 2 28.5213908141
251 2 28.5213908141
252 2 28.5213908141
253 2 28.5213908141
254 2 28.5213908141
255 2 28.5213908141
256 2 28.5213908141
257 2 28.5213908141
258 2 28.5213908141
259 2 28.5213908141
260 2 28.5213908141
261 2 28.5213908141
262 2 28.5213908141
263 2 28.5213908141
264 2 28.5213908141
265 2 28.5213908141
266 2 28.5213908141
267 2 28.5213908141
268 2 28.5213908141
269 2 28.5213908141
270 2 28.5213908141
271 2 28.5213908141
272 2 28.5213908141
273 2 28.5213908141
274 2 28.5213908141
275 2 28.5213908141
276 2 28.5213908141
277 2 28.5213908141
278 2 28.5213908141
279 2 28.5213908141
280 2 28.5213908141
281 2 28.5213908141
282 2 28.5213908141
283 2 28.5213908141
284 2 28.5213908141
285 2 28.5213908141
286 2 28.5213908141
287 2 28.5213908141
288 2 28.5213908141
289 2 28.5213908141
290 2 28.5213908141
291 2 28.5213908141
292 2 28.5213908141
293 2 28.5213908141
294 2 28.5213908141
295 2 28.5213908141
296 2 28.5213908141
297 2 28.5213908141
298 2 28.5213908141
299 2 28.5213908141
300 2 28.5213908141
301 3 23.5034433944
302 3 23.5034433944
303 3 23.5034433944
304 3 23.5034433944
305 3 23.5034433944
306 3 23.5034433944
307 3 23.5034433944
308 3 23.5034433944
309 3 23.5034433944
310 3 23.5034433944
311 3 23.5034433944
312 3 23.5034433944
313 3 23.5034433944
314 3 23.5034433944
315 3 23.5034433944
316 3 23.5034433944
317 3 23.5034433944
318 3 23.5034433944
319 3 23.5034433944
320 3 23.5034433944
321 3 23.5034433944
322 3 23.5034433944
323 3 23.5034433944
324 3 23.5034433944
325 3 23.5034433944
326 3 23.5034433944
327 3 23.5034433944
328 3 23.5034433944
329 3 23.5034433944
330 3 23.5034433944
331 3 23.5034433944
332 3 23.5034433944
333 3 23.5034433944
334 3 23.5034433944
335 3 23.5034433944
336 3 23.5034433944
337 3 23.5034433944
338 3 23.5034433944
339 3 23.5034433944
340 3 23.5034433944
341 3 23.5034433944
342 3 23.5034433944
343 3 23.5034433944
344 3 23.5034433944
345 3 23.5034433944
346 3 23.5034433944
347 3 23.5034433944
348 3 23.5034433944
349 3 23.5034433944
350 3 23.5034433944
351 3 23.5034433944
352 3 23.5034433944
353 3 23.5034433944
354 3 23.5034433944
355 3 23.5034433944
356 3 23.5034433944
357 3 23.5034433944
358 3 23.5034433944
359 3 23.5034433944
360 3 23.5034433944
361 3 23.5034433944
362 3 23.5034433944
363 3 23.5034433944
364 3 23.5034433944
365 3 23.5034433944
366 3 23.5034433944
367 3 23.5034433944
368 3 23.5034433944
369 3 23.5034433944
370 3 23.5034433944
371 3 23.5034433944
372 3 23.5034433944
373 3 23.5034433944
374 3 23.5034433944
375 3 23.5034433944
376 3 23.5034433944
377 3 23.5034433944
378 3 23.5034433944
379 3 23.5034433944
380 3 23.5034433944
381 3 23.5034433944
382 3 23.5034433944
383 3 23.5034433944
384 3 23.5034433944
385 3 23.5034433944
386 3 23.5034433944
387 3 23.5034433944
388 3 23.5034433944
389 3 23.5034433944
390 3 23.5034433944
391 3 23.5034433944
392 3 23.5034433944
393 3 23.5034433944
394 3 23.5034433944
395 3 23.5034433944
396 3 23.5034433944
397 3 23.5034433944
398 3 23.5034433944
399 3 23.5034433944
400 3 23.5034433944
401 4 25.2303610397
402 4 25.2303610397
403 4 25.2303610397
404 4 25.2303610397
405 4 25.2303610397
406 4 25.2303610397
407 4 25.2303610397
408 4 25.2303610397
409 4 25.2303610397
410 4 25.2303610397
411 4 25.2303610397
412 4 25.2303610397
413 4 25.2303610397
414 4 25.2303610397
415 4 25.2303610397
416 4 25.2303610397
417 4 25.2303610397
418 4 25.2303610397
419 4 25.2303610397
420 4 25.2303610397
421 4 25.2303610397
422 4 25.2303610397
423 4 25.2303610397
424 4 25.2303610397
425 4 25.2303610397
426 4 25.2303610397
427 4 25.2303610397
428 4 25.2303610397
429 4 25.2303610397
430 4 25.2303610397
431 4 25.2303610397
432 4 25.2303610397
433 4 25.2303610397
434 4 25.2303610397
435 4 25.2303610397
436 4 25.2303610397
437 4 25.2303610397
438 4 25.2303610397
439 4 25.2303610397
440 4 25.2303610397
441 4 25.2303610397
442 4 25.2303610397
443 4 25.2303610397
444 4 25.2303610397
445 4 25.2303610397
446 4 25.2303610397
447 4 25.2303610397
448 4 25.2303610397
449 4 25.2303610397
450 4 25.2303610397
451 4 25.2303610397
452 4 25.2303610397
453 4 25.2303610397
454 4 25.2303610397
455 4 25.2303610397
456 4 25.2303610397
457 4 25.2303610397
458 4 25.2303610397
459 4 25.2303610397
460 4 25.2303610397
461 4 25.2303610397
462 4 25.2303610397
463 4 25.2303610397
464 4 25.2303610397
465 4 25.2303610397
466 4 25.2303610397
467 4 25.2303610397
468 4 25.2303610397
469 4 25.2303610397
470 4 25.2303610397
471 4 25.2303610397
472 4 25.2303610397
473 4 25.2303610397
474 4 25.2303610397
475 4 25.2303610397
476 4 25.2303610397
477 4 25.2303610397
478 4 25.2303610397
479 4 25.2303610397
480 4 25.2303610397
481 4 25.2303610397
482 4 25.2303610397
483 4 25.2303610397
484 4 25.2303610397
485 4 25.2303610397
486 4 25.2303610397
487 4 25.2303610397
488 4 25.2303610397
489 4 25.2303610397
490 4 25.2303610397
491 4 25.2303610397
492 4 25.2303610397
493 4 25.2303610397
494 4 25.2303610397
495 4 25.2303610397
496 4 25.2303610397
497 4 25.2303610397
498 4 25.2303610397
499 4 25.2303610397
500 4 25.2303610397
501 5 27.0000816379
502 5 27.0000816379
503 5 27.0000816379
504 5 27.0000816379
505 5 27.0000816379
506 5 27.0000816379
507 5 27.0000816379
508 5 27.0000816379
509 5 27.0000816379
510 5 27.0000816379
511 5 27.0000816379
512 5 27.0000816379
513 5 27.0000816379
514 5 27.0000816379
515 5 27.0000816379
516 5 27.0000816379
517 5 27.0000816379
518 5 27.0000816379
519 5 27.0000816379
520 5 27.0000816379
521 5 27.0000816379
522 5 27.0000816379
523 5 27.0000816379
524 5 27.0000816379
525 5 27.0000816379
526 5 27.0000816379
527 5 27.0000816379
528 5 27.0000816379
529 5 27.0000816379
530 5 27.0000816379
531 5 27.0000816379
532 5 27.0000816379
533 5 27.0000816379
534 5 27.0000816379
535 5 27.0000816379
536 5 27.0000816379
537 5 27.0000816379
538 5 27.0000816379
539 5 27.0000816379
540 5 27.0000816379
541 5 27.0000816379
542 5 27.0000816379
543 5 27.0000816379
544 5 27.0000816379
545 5 27.0000816379
546 5 27.0000816379
547 5 27.0000816379
548 5 27.0000816379
549 5 27.0000816379
550 5 27.0000816379
551 5 27.0000816379
552 5 27.0000816379
553 5 27.0000816379
554 5 27.0000816379
555 5 27.0000816379
556 5 27.0000816379
557 5 27.0000816379
558 5 27.0000816379
559 5 27.0000816379
560 5 27.0000816379
561 5 27.0000816379
562 5 27.0000816379
563 5 27.0000816379
564 5 27.0000816379
565 5 27.0000816379
566 5 27.0000816379
567 5 27.0000816379
568 5 27.0000816379
569 5 27.0000816379
570 5 27.0000816379
571 5 27.0000816379
572 5 27.0000816379
573 5 27.0000816379
574 5 27.0000816379
575 5 27.0000816379
576 5 27.0000816379
577 5 27.0000816379
578 5 27.0000816379
579 5 27.0000816379
580 5 27.0000816379
581 5 27.0000816379
582 5 27.0000816379
583 5 27.0000816379
584 5 27.0000816379
585 5 27.0000816379
586 5 27.0000816379
587 5 27.0000816379
588 5 27.0000816379
589 5 27.0000816379
590 5 27.0000816379
591 5 27.0000816379
592 5 27.0000816379
593 5 27.0000816379
594 5 27.0000816379
595 5 27.0000816379
596 5 27.0000816379
597 5 27.0000816379
598 5 27.0000816379
599 5 27.0000816379
600 5 27.0000816379
601 6 20.9046927462
602 6 20.9046927462
603 6 20.9046927462
604 6 20.9046927462
605 6 20.9046927462
606 6 20.9046927462
607 6 20.9046927462
608 6 20.9046927462
609 6 20.9046927462
610 6 20.9046927462
611 6 20.9046927462
612 6 20.9046927462
613 6 20.9046927462
614 6 20.9046927462
615 6 20.9046927462
616 6 20.9046927462
617 6 20.9046927462
618 6 20.9046927462
619 6 20.9046927462
620 6 20.9046927462
621 6 20.9046927462
622 6 20.9046927462
623 6 20.9046927462
624 6 20.9046927462
625 6 20.9046927462
626 6 20.9046927462
627 6 20.9046927462
628 6 20.9046927462
629 6 20.9046927462
630 6 20.9046927462
631 6 20.9046927462
632 6 20.9046927462
633 6 20.9046927462
634 6 20.9046927462
635 6 20.9046927462
636 6 20.9046927462
637 6 20.9046927462
638 6 20.9046927462
639 6 20.9046927462
640 6 20.9046927462
641 6 20.9046927462
642 6 20.9046927462
643 6 20.9046927462
644 6 20.9046927462
645 6 20.9046927462
646 6 20.9046927462
647 6 20.9046927462
648 6 20.9046927462
649 6 20.9046927462
650 6 20.9046927462
651 6 20.9046927462
652 6 20.9046927462
653 6 20.9046927462
654 6 20.9046927462
655 6 20.9046927462
656 6 20.9046927462
657 6 20.9046927462
658 6 20.9046927462
659 6 20.9046927462
660 6 20.9046927462
661 6 20.9046927462
662 6 20.9046927462
663 6 20.9046927462
664 6 20.9046927462
665 6 20.9046927462
666 6 20.9046927462
667 6 20.9046927462
668 6 20.9046927462
669 6 20.9046927462
670 6 20.9046927462
671 6 20.9046927462
672 6 20.9046927462
673 6 20.9046927462
674 6 20.9046927462
675 6 20.9046927462
676 6 20.9046927462
677 6 20.9046927462
678 6 20.9046927462
679 6 20.9046927462
680 6 20.9046927462
681 6 20.9046927462
682 6 20.9046927462
683 6 20.9046927462
684 6 20.9046927462
685 6 20.9046927462
686 6 20.9046927462
687 6 20.9046927462
688 6 20.9046927462
689 6 20.9046927462
690 6 20.9046927462
691 6 20.9046927462
692 6 20.9046927462
693 6 20.9046927462
694 6 20.9046927462
695 6 20.9046927462
696 6 20.9046927462
697 6 20.9046927462
698 6 20.9046927462
699 6 20.9046927462
700 6 20.9046927462
701 7 14.2768738948
702 7 14.2768738948
703 7 14.2768738948
704 7 14.2768738948
705 7 14.2768738948
706 7 14.2768738948
707 7 14.2768738948
708 7 14.2768738948
709 7 14.2768738948
710 7 14.2768738948
711 7 14.2768738948
712 7 14.2768738948
713 7 14.2768738948
714 7 14.2768738948
715 7 14.2768738948
716 7 14.2768738948
717 7 14.2768738948
718 7 14.2768738948
719 7 14.2768738948
720 7 14.2768738948
721 7 14.2768738948
722 7 14.2768738948
723 7 14.2768738948
724 7 14.2768738948
725 7 14.2768738948
726 7 14.2768738948
727 7 14.2768738948
728 7 14.2768738948
729 7 14.2768738948
730 7 14.2768738948
731 7 14.2768738948
732 7 14.2768738948
733 7 14.2768738948
734 7 14.2768738948
735 7 14.2768738948
736 7 14.2768738948
737 7 14.2768738948
738 7 14.2768738948
739 7 14.2768738948
740 7 14.2768738948
741 7 14.2768738948
742 7 14.2768738948
743 7 14.2768738948
744 7 14.2768738948
745 7 14.2768738948
746 7 14.2768738948
747 7 14.2768738948
748 7 14.2768738948
749 7 14.2768738948
750 7 14.2768738948
751 8 33.5926975638
752 8 33.5926975638
753 8 33.5926975638
754 8 33.5926975638
755 8 33.5926975638
756 8 33.5926975638
757 8 33.5926975638
758 8 33.5926975638
759 8 33.5926975638
760 8 33.5926975638
761 8 33.5926975638
762 8 33.5926975638
763 8 33.5926975638
764 8 33.5926975638
765 8 33.5926975638
766 8 33.5926975638
767 8 33.5926975638
768 8 33.5926975638
769 8 33.5926975638
770 8 33.5926975638
771 8 33.5926975638
772 8 33.5926975638
773 8 33.5926975638
774 8 33.5926975638
775 8 33.5926975638
776 9 27.5449548928
777 9 27.5449548928
778 9 27.5449548928
779 9 27.5449548928
780 9 27.5449548928
781 9 27.5449548928
782 9 27.5449548928
783 9 27.5449548928
784 9 27.5449548928
785 9 27.5449548928
786 9 27.5449548928
787 9 27.5449548928
788 9 27.5449548928
789 9 27.5449548928
790 9 27.5449548928
791 9 27.5449548928
792 9 27.5449548928
793 9 27.5449548928
794 9 27.5449548928
795 9 27.5449548928
796 9 27.5449548928
797 9 27.5449548928
798 9 27.5449548928
799 9 27.5449548928
800 9 27.5449548928
801 10 33.6728581604
802 10 33.6728581604
803 10 33.6728581604
804 10 33.6728581604
805 10 33.6728581604
806 10 33.6728581604
807 10 33.6728581604
808 10 33.6728581604
809 10 33.6728581604
810 10 33.6728581604
811 10 33.6728581604
812 10 33.6728581604
813 10 33.6728581604
814 10 33.6728581604
815 10 33.6728581604
816 10 33.6728581604
817 10 33.6728581604
818 10 33.6728581604
819 10 33.6728581604
820 10 33.6728581604
821 10 33.6728581604
822 10 33.6728581604
823 10 33.6728581604
824 10 33.6728581604
825 10 33.6728581604
826 11 25.4891106418
827 11 25.4891106418
828 11 25.4891106418
829 11 25.4891106418
830 11 25.4891106418
831 11 25.4891106418
832 11 25.4891106418
833 11 25.4891106418
834 11 25.4891106418
835 11 25.4891106418
836 11 25.4891106418
837 11 25.4891106418
838 11 25.4891106418
839 11 25.4891106418
840 11 25.4891106418
841 11 25.4891106418
842 11 25.4891106418
843 11 25.4891106418
844 11 25.4891106418
845 11 25.4891106418
846 11 25.4891106418
847 11 25.4891106418
848 11 25.4891106418
849 11 25.4891106418
850 11 25.4891106418
851 12 35.9041339212
852 12 35.9041339212
853 12 35.9041339212
854 12 35.9041339212
855 12 35.9041339212
856 12 35.9041339212
857 12 35.9041339212
858 12 35.9041339212
859 12 35.9041339212
860 12 35.9041339212
861 12 35.9041339212
862 12 35.9041339212
863 12 35.9041339212
864 12 35.9041339212
865 12 35.9041339212
866 12 35.9041339212
867 12 35.9041339212
868 12 35.9041339212
869 12 35.9041339212
870 12 35.9041339212
871 12 35.9041339212
872 12 35.9041339212
873 12 35.9041339212
874 12 35.9041339212
875 12 35.9041339212
876 13 38.1761727014
877 13 38.1761727014
878 13 38.1761727014
879 13 38.1761727014
880 13 38.1761727014
881 13 38.1761727014
882 13 38.1761727014
883 13 38.1761727014
884 13 38.1761727014
885 13 38.1761727014
886 13 38.1761727014
887 13 38.1761727014
888 13 38.1761727014
889 13 38.1761727014
890 13 38.1761727014
891 13 38.1761727014
892 13 38.1761727014
893 13 38.1761727014
894 13 38.1761727014
895 13 38.1761727014
896 13 38.1761727014
897 13 38.1761727014
898 13 38.1761727014
899 13 38.1761727014
900 13 38.1761727014
901 14 38.7605427639
902 14 38.7605427639
903 14 38.7605427639
904 14 38.7605427639
905 14 38.7605427639
906 14 38.7605427639
907 14 38.7605427639
908 14 38.7605427639
909 14 38.7605427639
910 14 38.7605427639
911 14 38.7605427639
912 14 38.7605427639
913 14 38.7605427639
914 14 38.7605427639
915 14 38.7605427639
916 14 38.7605427639
917 14 38.7605427639
918 14 38.7605427639
919 14 38.7605427639
920 14 38.7605427639
921 14 38.7605427639
922 14 38.7605427639
923 14 38.7605427639
924 14 38.7605427639
925 14 38.7605427639
926 15 31.7227501047
927 15 31.7227501047
928 15 31.7227501047
929 15 31.7227501047
930 15 31.7227501047
931 15 31.7227501047
932 15 31.7227501047
933 15 31.7227501047
934 15 31.7227501047
935 15 31.7227501047
936 15 31.7227501047
937 15 31.7227501047
938 15 31.7227501047
939 15 31.7227501047
940 15 31.7227501047
941 15 31.7227501047
942 15 31.7227501047
943 15 31.7227501047
944 15 31.7227501047
945 15 31.7227501047
946 15 31.7227501047
947 15 31.7227501047
948 15 31.7227501047
949 15 31.7227501047
950 15 31.7227501047
951 16 24.216720589
952 16 24.216720589
953 16 24.216720589
954 16 24.216720589
955 16 24.216720589
956 16 24.216720589
957 16 24.216720589
958 16 24.216720589
959 16 24.216720589
960 16 24.216720589
961 16 24.216720589
962 16 24.216720589
963 16 24.216720589
964 16 24.216720589
965 16 24.216720589
966 17 33.9797933565
967 18 33.607822932
968 19 35.5354555559
969 20 33.3668659576
970 21 33.9493075679
971 22 36.8381160245
972 23 37.7536621411
973 24 40.210760687
974 25 42.1712779595
975 26 42.7209040669
976 27 41.0561272279
977 28 44.3447250368
978 29 45.1885033969
979 30 42.4170796063
980 31 43.4561041695
981 32 46.3787708574
982 33 44.907179568
983 34 45.5279531461
984 35 43.1095878829
985 36 43.0204194528
986 37 43.1341012782
987 38 40.6289464914
988 39 38.6554359994
989 40 39.9805934432
990 41 39.8475995275
991 42 40.1841619654
992 43 39.7189504836
993 44 37.5790091587
994 45 36.5359221328
995 46 34.2476147105
996 47 33.3621616941
997 48 32.0285827798
998 49 34.2651983099
999 50 31.72534897
1000 51 29.3425822181
1001 52 31.1094292438
1002 53 32.2811516095
1003 54 31.9192896415
1004 55 34.72510287
1005 56 34.4039933309
1006 57 35.9665244981
1007 58 36.1017888978
1008 59 37.4771603528
1009 60 35.5916845888
1010 61 35.6252699194
1011 62 36.0026273358
1012 63 36.8457065277
1013 64 35.4424252549
1014 65 34.3704033606
1015 66 35.5709159275
1016 67 36.7268704772
1017 68 35.4620631127
1018 69 32.2799628042
1019 70 32.4165624384
1020 71 32.5544693395
1021 72 29.3877549308
1022 73 28.4120114409
1023 74 28.2338839282
1024 75 28.3327515052
1025 76 26.6822044902
1026 77 26.500344433
1027 78 24.3806393144
1028 79 24.2274309597
1029 80 24.1306928743
1030 81 23.0576922341
1031 82 24.7867787679
1032 83 23.3668775292
1033 84 25.0177592063
1034 85 24.8005642905
1035 86 23.0995757465
1036 87 20.8981349597
1037 88 21.9175719771
1038 89 23.3304634861
1039 90 25.7962094091
1040 91 24.6160008495
1041 92 27.1935037457
1042 93 27.301371616
1043 94 28.1813562423
1044 95 31.3004586692
1045 96 31.3272119003
1046 97 32.4343474575
1047 98 31.0195608773
1048 99 28.7642904009
1049 100 30.7888782982
1050 101 31.2896118495
1051 102 31.7844637257
1052 103 32.2975540634
1053 104 30.080077303
1054 105 30.9466524119
1055 106 28.6034208393
1056 107 29.8072157466
1057 108 28.3277359846
1058 109 26.1293285561
1059 110 26.5828900782
1060 111 24.2926900222
1061 112 22.0013405124
1062 113 21.7582747672
1063 114 18.4143654906
1064 115 18.3648706459
1065 116 19.568348325
1066 117 19.0050571623
1067 118 22.5107817805
1068 119 24.995287857
1069 120 26.9162561972
1070 121 30.2705745088
1071 122 32.060322306
1072 123 33.3817120824
1073 124 33.2699077547
1074 125 29.967337475
1075 126 28.1116590747
1076 127 25.7394374975
1077 128 28.525460182
1078 129 29.2677355503
1079 130 25.7641109601
1080 131 25.1860279122
1081 132 27.797879023
1082 133 26.6718143389
1083 134 23.4403157412
1084 135 24.9941949302
1085 136 26.7648076055
1086 137 23.99682971
1087 138 23.0443927338
1088 139 23.7562299302
1089 140 23.6620889767
1090 141 24.9605158068
1091 142 27.7194554411
1092 143 29.0274099462
1093 144 32.4434468488
1094 145 33.0129002198
1095 146 31.814941375
1096 147 34.0496987012
1097 148 33.0931122245
1098 149 34.6543735216
1099 150 34.0451647079
1100 151 30.6451676229
1101 152 31.5193532096
1102 153 29.6800597994
1103 154 31.0772066945
1104 155 29.5644554426
1105 156 29.9686639883
1106 157 27.7210692319
1107 158 28.5641334035
1108 159 27.251796565
1109 160 27.191472031
1110 161 25.1195097221
1111 162 22.5129096017
1112 163 15.3071177076
1113 163 15.3071177076
