1 0 21.0593673899
2 0 21.0593673899
3 0 21.0593673899
4 0 21.0593673899
5 0 21.0593673899
6 0 21.0593673899
7 1 17.1239842612
8 2 17.9520924846
9 3 15.3643564156
10 4 14.9670693317
11 5 13.0647052056
12 6 11.8314929432
13 7 9.69467863781
14 8 9.08322871145
15 9 8.22954461369
16 10 10.8917661922
17 11 14.2162424948
18 12 16.5645251543
19 13 17.9134550316
20 14 15.1909480998
21 15 14.117850416
22 16 16.7283474415
23 17 16.1952426949
24 18 13.0745997334
25 19 14.0020491946
26 20 16.0039016018
27 21 14.0347377678
28 22 11.8854066153
29 23 14.026088206
30 24 14.6362648499
31 25 11.6544039991
32 26 11.5719570764
33 27 13.583811675
34 28 12.0156884564
35 29 9.17441363153
36 30 7.97129061376
37 31 5.75730799239
38 32 5.15811766296
39 33 3.87859256039
40 34 6.02704067477
41 35 7.32949400378
42 36 5.7438586241
43 37 6.78025927281
44 38 9.52098620697
45 39 9.63793157806
46 40 8.36336518968
47 41 10.6576062027
48 42 12.8222174602
49 43 12.1248880446
50 44 12.11102609
51 45 15.0002164482
52 46 16.0598982876
53 47 14.6077968678
54 48 13.7830325368
55 49 11.424726689
56 50 9.17078405666
57 51 7.5428520193
58 52 4.84097816686
59 53 4.45214554953
60 54 3.31217175571
61 55 5.27151956427
62 56 6.30222752047
63 57 8.87603276766
64 58 8.85272692401
65 59 7.45079411035
66 60 7.49143593213
67 61 4.99287539366
68 62 4.07352181088
69 63 2.1771542564
70 64 2.74947956625
71 65 3.11382030348
72 66 5.4364117883
73 67 6.09156147602
74 68 8.8503178068
75 69 8.16589911188
76 70 6.63194980928
77 71 8.39651442872
78 72 8.2567881045
79 73 10.733842189
80 74 11.8871614525
81 75 13.1683721284
82 76 14.3648697086
83 77 12.7316833918
84 78 10.1181176786
85 79 8.87362283393
86 80 7.53440221705
87 81 5.52005818986
88 82 6.33551353802
89 83 5.48460467234
90 84 6.59645376017
91 85 6.30420715208
92 86 8.90043793678
